_
0.20790042354028385
0.344946102021531
0.02687338880583532
-2.6702077485382785
-0.07182197513693754
3.014713303754364
1.0898188738069505
-4.102194726357252e-08
3.0048904543896543e-06
_
0.2003637813820056
0.35734035372232537
0.02902551908510451
-2.6405957986296507
-0.07075361452572829
2.997441547529447
1.08299028968607
1.1582288912947707e-07
2.8213314506090255e-06
_
0.19340510076868936
0.37007802958257024
0.030915442003272363
-2.6106613159019934
-0.06965308868124265
2.980192746865801
1.0763904082994213
2.639720404862828e-07
2.6468212989956383e-06
_
0.18696247576979602
0.38315030156276236
0.032550966786102226
-2.5803950578216757
-0.06854839731236363
2.9629501813300836
1.0700260103344603
3.9992086315110396e-07
2.4849303985868584e-06
_
0.18098410296384781
0.39655047416233385
0.03396602210112275
-2.549787622312929
-0.06745683225158539
2.94569558822638
1.0638945149139971
3.9111291720966337e-07
2.4838528754940907e-06
_
0.17542173447682907
0.4102733064393551
0.03518943932387199
-2.5188278470970755
-0.06638782040469424
2.928417039718527
1.0579861418323773
2.0404714489420586e-06
4.713710121608684e-06
_
0.17023770658767154
0.4243159605646815
0.0362412957554917
-2.4875036149987073
-0.06534872179443442
2.9110967389888445
1.0522952906258882
4.794499356944314e-06
6.663356108007908e-06
_
0.16539631607848596
0.4386765092376628
0.03713737685188732
-2.455800349297064
-0.06434232019350246
2.8937186476665815
1.0468109808597286
5.518900637869658e-06
6.716424882843807e-06
_
0.16086817949687546
0.4533559376240842
0.03791931782185601
-2.4237034971172986
-0.06337051205473089
2.876266400426483
1.0415218935196713
5.224978595915083e-06
7.072226371391769e-06
_
0.1566249209450214
0.4683556348071101
0.03857810466353193
-2.391195730310943
-0.062435718844343235
2.858726897451904
1.0364211315460083
5.641528629870971e-06
7.419000305102078e-06
_
0.1526447650592221
0.48367922415899145
0.03914412042005066
-2.3582582095887172
-0.06153528877515194
2.841084004077662
1.031494545337126
5.879066302312881e-06
7.801984605220357e-06
_
0.1489060846138659
0.4993318969842502
0.039625175708998525
-2.3248698385669084
-0.06066949967355052
2.823321186120164
1.0267341585282086
6.014268739426052e-06
8.171121692501494e-06
_
0.14539060178084606
0.5153203075793709
0.04003054068889842
-2.2910076123175998
-0.05983648747350426
2.805423868321232
1.0221292307151455
6.283045684409034e-06
8.45031053660209e-06
_
0.14208381815909746
0.5316531807680922
0.04036948905028312
-2.2566461132253344
-0.05903474428566671
2.787373595264887
1.017670970096895
6.581481062524277e-06
8.852001633409e-06
_
0.1389708676379362
0.5483410204769817
0.04065040826894403
-2.2217573581516827
-0.05826210167518328
2.769152450218366
1.0133503847410834
6.822520962679889e-06
9.180393744473964e-06
_
0.1360395311188638
0.5653961700254353
0.04087965662186638
-2.1863101298620986
-0.057516657877496824
2.7507425101803284
1.0091585230043199
7.104510978833949e-06
9.525754936273117e-06
_
0.13327888558284312
0.5828333505213298
0.041062871040614866
-2.1502698502179367
-0.056796669867871526
2.732122935456368
1.005087628220384
7.4852404078148335e-06
9.786855817286058e-06
_
0.13067933949987134
0.6006695179314834
0.04120650715541837
-2.113597678094604
-0.05610052628244168
2.7132726969829135
1.001129639687941
7.857749807616826e-06
1.0071354966671949e-05
_
0.12823202552586482
0.6189242902660687
0.04131423200819609
-2.0762511274316964
-0.05542625801572155
2.6941691324079478
0.9972771052514742
8.189497682470174e-06
1.0313591088220429e-05
_
0.12592945565262048
0.6376204467286771
0.04138871684737222
-2.0381828413297662
-0.0547720062930594
2.6747860958791394
0.9935233406751002
8.634982849767261e-06
1.0544257087509965e-05
_
0.12376534626852684
0.6567839612072529
0.041434220259946725
-1.9993387266621365
-0.05413560848049774
2.655096777131884
0.9898607848001572
9.079949698498229e-06
1.0673302079679492e-05
_
0.12173382639442341
0.676444996547643
0.04145486022965967
-1.95965683710169
-0.05351631644240922
2.635069722246404
0.9862832243390957
9.544742498887444e-06
1.0860098091764257e-05
_
0.1198296126477899
0.6966380385530779
0.04145072316728785
-1.9190707108156442
-0.05291157172023348
2.614671578977329
0.9827843126045703
1.0027773977142507e-05
1.0947547906262463e-05
_
0.1180489396021321
0.7174032907553075
0.0414263229788293
-1.877499349855201
-0.05232039014388406
2.5938634548112645
0.9793574536250105
1.0542160249296524e-05
1.108558904826942e-05
_
0.11638809518430596
0.7387872662771655
0.04138106871535416
-1.8348551568820652
-0.051740627732518286
2.572601544727167
0.9759970395418116
1.1072147881316406e-05
1.1119423623531615e-05
_
0.11484471081290251
0.7608443926082517
0.04131897870962672
-1.7910309881066453
-0.05117107055217806
2.5508364611418424
0.9726961868298902
1.164841456351377e-05
1.1202429968856008e-05
_
0.11341613853066182
0.7836388390101159
0.04124113532939172
-1.7459060790918304
-0.05061067758134936
2.5285094867254747
0.9694496901398114
1.2254626579030028e-05
1.1193984524983756e-05
_
0.1120940546880892
0.807248906910887
0.04115736858559043
-1.699332287800225
-0.05006789323025359
2.505542709099772
0.96625918603779
1.4262463704510804e-05
9.945927752052075e-06
_
0.11088602372573489
0.8317610948685692
0.04105846920485885
-1.6511475693299644
-0.04953111952342711
2.4818777645792536
0.9631077280236482
1.610412168761481e-05
8.811625948312615e-06
