_
0.16608070827167049
0.42439812033324653
0.039347439135782716
-2.487430166822437
-0.07094594552292993
2.9109776233059197
1.0564247974113405
-7.884126776232421e-09
6.357571798558419e-07
_
0.14820607291091972
0.48377925834924246
0.04271427088526387
-2.358188763932098
-0.06713937755672986
2.840954397943377
1.03556983741707
5.506885745678159e-08
5.39334671214223e-07
_
0.13446613311086356
0.5484547267984116
0.04450333202335995
-2.221693079667037
-0.06378065291992237
2.76901623276979
1.0172750292643504
1.7501168086740823e-07
3.803268504810422e-07
_
0.12379571549771266
0.6190480535473667
0.04534679871690283
-2.076191952625446
-0.06083488026068072
2.6940294268567246
1.0010025310322934
3.6929856630393775e-07
1.4212076896791046e-07
_
0.1155612425010557
0.6967682303594701
0.045597749520495647
-1.9190164558298173
-0.05820470128000011
2.6145316650312798
0.9862721833624187
6.592798278895902e-07
-1.3019098666766283e-09
_
0.10940455325590397
0.7837716021676013
0.04545832069835401
-1.7458564037245718
-0.055785829770065444
2.5283725800796946
0.9726574365142694
1.0070809312615854e-06
-1.3784886965615304e-09
