_
0.22384309083474954
0.32284569817700787
0.021816776258361186
-2.724450944485031
-0.07332869275158567
3.0469403433810793
1.1029285214071254
-6.313669394526019e-07
7.76757424609058e-07
_
0.22320209150338696
0.32365393715021357
0.022027099219967212
-2.722428877230748
-0.07327434312240885
3.045727124496843
1.1024166812951113
-7.031046472412444e-07
1.0024741683451213e-06
_
0.2225654472267721
0.3244642543402034
0.022234757929332393
-2.7204052549386692
-0.07321877390208295
3.0445096417265547
1.1019076778652053
-4.155125623652362e-07
1.5119293057730584e-06
_
0.221930231385937
0.3252762505304107
0.02244159195443433
-2.718380276276766
-0.07315937748936797
3.0432974387782963
1.1013955189636198
-2.606819283979236e-07
1.2413817311877368e-06
_
0.2213025428536199
0.3260903290828474
0.0226456378646084
-2.71635383472731
-0.07310169447798302
3.0420776395968794
1.1008882071179207
-8.806502568942251e-07
6.238245584251762e-07
_
0.22067760881617665
0.3269063288708953
0.022847487909331023
-2.7143257640099985
-0.07304442538576872
3.0408592018518914
1.1003824424339708
-8.52632090378636e-07
8.273018092741852e-07
_
0.22005371559708917
0.32772432297611065
0.023048348526686347
-2.7122961569557895
-0.07298598490676692
3.039640858243903
1.099878447471605
-3.828224045970035e-07
2.3130789495915542e-07
_
0.2194350466100011
0.32854359873503125
0.023247783459173752
-2.7102652115067323
-0.07292762290491964
3.0384277820965275
1.0993726772061938
-9.031012598389494e-07
1.688348939044726e-07
_
0.21881489751459227
0.32936449370018267
0.02344689389012779
-2.708232862762064
-0.07286081291296288
3.0372219334108883
1.0988628211654896
-4.7453273727288376e-07
5.075038690409969e-09
_
0.2182090088715976
0.330188047175537
0.023640120160079405
-2.7061988672468837
-0.07280159273709516
3.035999418101635
1.098361145178645
-9.160905089195805e-07
4.6665495274394817e-07
_
0.21760122596327205
0.3310131299812748
0.023833243697015005
-2.704163364948489
-0.07273912909060969
3.0347847295227863
1.0978588202451387
-1.1254536830773208e-06
1.082900860417623e-06
_
0.21699819051621744
0.33184005783965387
0.024023850450669362
-2.702126056490088
-0.07267792038533456
3.0335687038100634
1.0973592163721464
-8.143505064017014e-07
1.4906546838853072e-06
_
0.2163967925775587
0.3326686174095371
0.024213923483955124
-2.7000874975946614
-0.0726151792530934
3.0323556194054646
1.0968596424616517
-6.893039012373318e-07
1.7279070435685563e-06
_
0.21579880330171966
0.33349924945575227
0.02440206261087872
-2.6980473715112683
-0.07255262406923908
3.0311402095995192
1.096361974257588
-3.5430745478047276e-07
1.6422277929919397e-06
_
0.2152040949850024
0.33433141017445006
0.024588841084213543
-2.696005776518781
-0.07248949981897321
3.0299272249800957
1.0958646589746857
-6.623353807398065e-07
1.4523031949659915e-06
_
0.21461323053730239
0.33516558780454
0.02477377868276341
-2.6939626145803963
-0.07242677735431206
3.028712081550676
1.0953685179285213
-9.87909860262802e-07
1.680448111494095e-06
_
0.21402494389503562
0.3360014111556261
0.02495779180396778
-2.691918060654501
-0.07236267611058367
3.0274997127011045
1.0948738014859554
-8.830444751558312e-07
1.4236662020215782e-06
_
0.21344130324433633
0.3368389750228934
0.025138799659983134
-2.689871742869412
-0.07229871391182527
3.0262880766010296
1.0943792383842292
-1.0837115581071148e-06
1.9662919623208425e-06
_
0.2128597701065421
0.33767839661783594
0.025318888210715918
-2.687824045180968
-0.07223321448081749
3.0250756583537424
1.0938860790190912
-1.0938695178157506e-06
2.3617132374065595e-06
_
0.21228190073742764
0.33851987118585974
0.0254964955139032
-2.6857746643809493
-0.07216862166134144
3.0238602698743833
1.0933964281192825
-9.558932027596417e-07
2.342181052269331e-06
_
0.21170775698397085
0.3393626631719345
0.02567344782581723
-2.6837238996034367
-0.07210374801513596
3.0226505380443593
1.0929049681401224
-1.1396430001121194e-06
2.9154610675123573e-06
_
0.21113363616431077
0.3402074278425862
0.025848672195087446
-2.6816715137015876
-0.07203531930527476
3.021439358630544
1.0924155798795376
-1.129654564535756e-06
1.7715222459142742e-06
_
0.21056695909869394
0.3410539275255706
0.02602165183454746
-2.6796176626742456
-0.07196999177329644
3.0202279651640294
1.0919264135796216
-8.107071630540724e-07
2.0417311733032625e-06
_
0.21000313460390538
0.3419020804918682
0.026193269697934816
-2.677562345621374
-0.07190365699401272
3.0190166160031437
1.0914391996386585
-1.1835601773109158e-06
2.2184254284666437e-06
_
0.2094414448349836
0.34275227212890647
0.026362793011412224
-2.675505333798203
-0.07183725821150538
3.017803035832844
1.090955220501251
-1.2225926057221935e-06
1.8283750916609831e-06
_
0.2088826990032846
0.34360386891705
0.026532048817555737
-2.6734468786464194
-0.0717703880134154
3.0165946510597794
1.0904687342547663
-1.3376743999887518e-06
2.2632875151054147e-06
_
0.20832634316747756
0.34445748208707294
0.0266992282102917
-2.671386868283783
-0.07170209898219616
3.0153832872702737
1.0899856674374373
-1.2126088781048147e-06
2.0289525527749553e-06
_
0.20777520175759956
0.345312741679056
0.026863734095861208
-2.6693251903246615
-0.07163574844549844
3.0141719748382663
1.0895042615361974
-1.0764760927400727e-06
1.9790235090749824e-06
_
0.20722474530399254
0.34616994164545295
0.027027692365229707
-2.667261972687508
-0.071568406079255
3.012959972266962
1.0890246609668808
-7.663871271725692e-07
1.7023550854657934e-06
_
0.20667892599482707
0.34702836275829496
0.027190634391782473
-2.665197333427861
-0.07150131689802373
3.011752773038378
1.0885429361771237
-1.1185146299218077e-06
2.325584663635879e-06
_
0.20613529323766297
0.34788881263268956
0.027351621519654697
-2.66313113245067
-0.07143248712723105
3.0105430092029977
1.0880639367099945
-1.3237888634466852e-06
2.276050245880469e-06
_
0.20559503808161952
0.3487509711890547
0.027510937157907894
-2.661063311189419
-0.07136383614943871
3.009333388296859
1.0875861101850182
-1.2380427867427897e-06
2.583542120562158e-06
_
0.20505675783825425
0.34961510006678204
0.027668164355579127
-2.658993823978748
-0.07129481141497272
3.0081213581074535
1.087112063729925
-1.1690534739579185e-06
1.6247902811389002e-06
_
0.2045229453562107
0.35048055039467835
0.02782489689309322
-2.6569229531479293
-0.07122747383648387
3.0069136366078784
1.086635476342732
-1.1306141397710054e-06
2.0842095967427153e-06
_
0.20399147205697005
0.35134789033624375
0.027980362403161506
-2.6548506973624915
-0.07115824583468355
3.0057048338119214
1.0861614049418844
-1.0434712973068263e-06
2.3512876745488526e-06
_
0.20346361129107013
0.3522169087211723
0.02813321864467823
-2.652776424841562
-0.07108978420563979
3.004495417149188
1.0856888800996176
-1.0470336044939532e-06
2.860906154276035e-06
_
0.20293800937422762
0.35308765091028205
0.0282852967039759
-2.6507007714305413
-0.07102078873556036
3.0032865055292763
1.0852171534195856
-1.0971837590502345e-06
3.4376020067910443e-06
_
0.20241452900140397
0.35396004831056865
0.028436033225237335
-2.6486235777425273
-0.07095132085795104
3.0020776767201625
1.0847470552210898
-1.0001040744218899e-06
3.7755561611688713e-06
_
0.20189423607148685
0.35483421943183974
0.02858563450983226
-2.646544944681539
-0.07088179691246531
3.000869456713805
1.0842774334769987
-1.0135481308126856e-06
4.037317080113458e-06
_
0.20137715741237125
0.3557100308761881
0.028733511052135317
-2.6444645752749505
-0.0708123434216034
2.9996610174937897
1.0838092676128968
-1.0416021287626727e-06
4.3623090693866234e-06
_
0.2008623272743285
0.35658763170037516
0.028879879931416524
-2.6423826672759883
-0.07074298660607041
2.9984513432705726
1.0833435384247716
-8.430671826719935e-07
4.3326626141124734e-06
_
0.20035093501017598
0.3574667810825758
0.029024616758442593
-2.640298912184146
-0.07067441260375085
2.9972433876006908
1.082878539166664
-9.395155645837384e-07
4.313343999408548e-06
_
0.19984128263696832
0.3583477529489517
0.02916856785571867
-2.638213829938
-0.07060543782168942
2.9960340837444073
1.0824147967948068
-9.95329553908994e-07
4.552442625957238e-06
_
0.19933428384523108
0.3592303727838539
0.029310880367877063
-2.636127025452696
-0.07053590105258489
2.9948266094561506
1.081951888573525
-1.10273941379733e-06
3.5516219279590688e-06
_
0.19883097905706226
0.36011441000160715
0.02945245316646298
-2.6340388169948623
-0.07046654072018002
2.9936201685711317
1.0814888359740769
-1.1190873960925837e-06
3.884073497935265e-06
_
0.1983301653983799
0.3610003579821192
0.029592461623769377
-2.631948982324708
-0.07039664237590848
2.9924121813609426
1.0810280553928386
-9.890621613844747e-07
4.542734264744167e-06
_
0.19783131584711555
0.3618880861501525
0.029730542064048633
-2.6298574663369725
-0.07032717353483703
2.9912023683483513
1.0805705101049565
-8.80010591069044e-07
4.326649830777311e-06
_
0.1973353908369413
0.3627773018054878
0.029867844337211992
-2.6277643622080915
-0.07025820973265136
2.9899953799272425
1.0801122362232045
-9.734209852894708e-07
4.126939208480025e-06
_
0.19684189609055874
0.36366829225555014
0.030004337665486918
-2.6256697125640573
-0.07018911329994663
2.988786927081735
1.0796559346385157
-9.496761973060911e-07
3.952343540350516e-06
_
0.19635028364770488
0.36456084346346795
0.03013911661680717
-2.6235733528637426
-0.07011934748141296
2.987580461955926
1.0792005048714945
-6.138422920086718e-07
3.3978135188098495e-06
_
0.1958623897847845
0.3654551282668234
0.030272485847133306
-2.621475471026076
-0.07005075929878835
2.986371740837526
1.0787470629882994
-9.292519043562909e-07
2.4396527151920264e-06
_
0.19537672501244913
0.3663508193028698
0.030405393597331864
-2.6193761484745686
-0.06998096239112482
2.9851672963761327
1.0782920398952507
-7.658513862683796e-07
2.3504051942887815e-06
_
0.19489421230851872
0.3672484205942361
0.030535872557847017
-2.6172748830240646
-0.06991154063322784
2.9839588706702784
1.0778400880761112
-8.083031202728861e-07
2.2259810185078703e-06
_
0.1944134117053742
0.3681475633741961
0.03066635494733179
-2.615172284138316
-0.06984062371720401
2.982753129851622
1.0773886019487902
-8.73728398744035e-07
1.3910027320834927e-06
_
0.1939360666062369
0.36904842792080805
0.03079438475752381
-2.6130678564212126
-0.06977170720484703
2.981544484328745
1.07693879774998
-8.864443836484766e-07
8.056910439096315e-07
_
0.19346175009288402
0.36995101254349044
0.030921561928466804
-2.610961861227337
-0.06970325751866181
2.980335832852395
1.0764911556754813
-9.238232138450283e-07
7.955572140079946e-07
_
0.19298849323476772
0.37085502199719816
0.03104770227792205
-2.6088542191717052
-0.06963350623012558
2.979130309781423
1.076042882779315
-9.704154130830704e-07
9.205140738674624e-07
_
0.19251826691818452
0.37176095922587454
0.0311725214593712
-2.60674496065554
-0.0695643472780223
2.9779215470406175
1.0755978612148387
-4.995941971447621e-07
8.171775564245801e-07
_
0.192050398552975
0.3726682645422272
0.03129648943927586
-2.604634131035736
-0.06949553172021199
2.9767147604095388
1.0751527409417279
-8.323702147723837e-07
9.195915028151562e-07
_
0.19158394140147467
0.3735773462049655
0.0314191128607609
-2.602521639063147
-0.06942608549139621
2.9755071556729034
1.0747093854544483
-6.255345772087618e-07
4.1327581785127957e-07
_
0.19112118678393344
0.37448797994969113
0.03154097042331036
-2.600407502267972
-0.06935756325345817
2.974300118158459
1.0742669648620011
-9.130806037720444e-07
2.573947437643901e-07
_
0.19065918111632688
0.3754002743050918
0.03166155775018668
-2.59829174098302
-0.06928798259543768
2.9730934785924665
1.0738256143070164
-5.578945206104406e-07
3.449972072566349e-07
_
0.1902013348992192
0.3763141225790448
0.031780676540026864
-2.596174331995044
-0.06921908827071795
2.971887037191057
1.0733847731164698
-9.936423674466696e-07
2.4712504392584622e-08
_
0.18974433891935208
0.3772298907663094
0.03189861802297821
-2.594055124426802
-0.06914947122820628
2.970678790103091
1.0729464034983351
-8.372304366496416e-07
-4.612247168317258e-08
_
0.18928952801377275
0.3781464767381838
0.03201583570709376
-2.5919346264689804
-0.06907703901537919
2.969479156819214
1.072505347277948
-6.388455054654508e-07
-2.594737411203248e-07
_
0.1888407352802621
0.37906554071159204
0.032131173287692105
-2.5898122332933755
-0.06900928876775311
2.9682659487350884
1.0720690564207398
-8.89216984072309e-07
-4.6152134822841625e-08
_
0.18839185212378926
0.37998604207707054
0.0322454614093975
-2.5876881667855116
-0.06894080651934979
2.967057398843761
1.0716345657705857
-7.532787364149686e-07
2.447597579978347e-08
_
0.18794455852775346
0.3809080506212848
0.03235982198706805
-2.5855624914389757
-0.06887211055759689
2.965850731913201
1.0712000358626836
-5.96633757582016e-07
-2.5038041846715004e-08
_
0.18750014283481078
0.38183172085473144
0.03247240688160432
-2.583435078029463
-0.06880403661153221
2.9646426865382374
1.0707674827181812
-5.812971191235633e-07
-2.2656800977803775e-09
_
0.18705689743069737
0.3827568701204995
0.03258431830255898
-2.58130622170056
-0.06873514127283596
2.963436470008753
1.0703348472663199
-6.1171002240861e-07
3.2004388301326854e-08
_
0.186616857766698
0.38368357261357616
0.03269449891707626
-2.579175325960407
-0.06866552423303238
2.9622312254274634
1.0699035613660466
-9.045877534462958e-07
-2.220256563988562e-07
_
0.18617958789450015
0.38461205317868863
0.03280427722991204
-2.577043167979577
-0.068597521626233
2.961021777249443
1.0694736253782948
-8.377861781734029e-07
-3.0505844003602264e-08
_
0.18574328677018268
0.38554218269152307
0.032912416400405584
-2.5749090084873734
-0.06852898403366593
2.959813940351827
1.0690457873117163
-5.663004675342293e-07
-8.896798449736337e-09
_
0.1853102715667953
0.3864738041262339
0.033020073052311985
-2.572773295052224
-0.068461467933849
2.958606379088427
1.068618357068218
-6.290311699943621e-07
-1.3868204666870155e-08
_
0.18487779109914565
0.38740710048748817
0.03312691338418269
-2.5706358457716068
-0.06839253552857169
2.9573991123689862
1.0681922216611341
-4.6923159704052195e-07
-2.41522283278463e-07
_
0.1844494698757437
0.38834195358971935
0.03323246310406314
-2.5684968635762546
-0.06832606434654806
2.956189933291298
1.0677679652321093
-3.2873578894556595e-07
-5.080927216880003e-08
_
0.18402108930008232
0.3892784180457626
0.03333711215864339
-2.5663559037292103
-0.06825761890412368
2.9549838897686587
1.067343339648679
-1.7792046488809285e-07
-1.1589724592307673e-07
_
0.18359602632572258
0.3902164057792614
0.033440642739027665
-2.564213413623205
-0.06818946764391437
2.9537766694149545
1.0669201355897118
-1.5562111020221232e-07
-1.4475007047477606e-07
_
0.18317462692470823
0.39115610071754503
0.03354340341333387
-2.562069368292922
-0.06812369670742001
2.952565440279176
1.0664997025379441
-6.801227106730297e-07
3.0970531246879815e-08
_
0.18275249443720457
0.3920972061495959
0.03364567364538262
-2.5599234921344958
-0.06805589876092243
2.9513590683997717
1.0660786920846126
-6.55310289220297e-07
2.7276428770425186e-09
_
0.18233367074808499
0.3930401774119631
0.033746175298183585
-2.557775831997538
-0.06798944522338964
2.950149280759652
1.0656605037710905
-6.29033186648552e-07
2.6167140038452722e-08
_
0.18191651058358002
0.39398457306440793
0.03384691245351632
-2.5556266010086355
-0.067923106534999
2.9489408049307086
1.065242741836928
-5.789563452116898e-07
9.615206583278037e-08
_
0.18150070637596907
0.39493043913138826
0.0339459523897708
-2.553475446158739
-0.06785590153997713
2.947734073792335
1.064825483440034
-1.362019190806425e-07
5.7116799540721256e-08
_
0.18108817562602808
0.3958780583492998
0.03404378791093801
-2.5513227486873613
-0.06778982608117468
2.9465249040158867
1.0644105656307714
-9.687018544346077e-08
-6.660920280846774e-08
_
0.18067727052170382
0.3968272400563053
0.03414142751819401
-2.5491683377755625
-0.06772407799669378
2.9453154923053977
1.063996529748278
2.8444649484234182e-08
-3.880012147411661e-08
_
0.18026647581884242
0.39777747961492355
0.034237697469088335
-2.5470119679896683
-0.06765369346203647
2.944115397035578
1.0635795542625024
-9.366804180196095e-08
-5.438758581905862e-07
_
0.17986256355605773
0.39873017768034064
0.03433200752431707
-2.544854174317359
-0.06758922129949872
2.9428993115831386
1.0631679304558774
-1.385590196339492e-07
-5.429317445133552e-08
_
0.17945665689070803
0.3996840094796008
0.034426523181700606
-2.5426944777701537
-0.06752175681998968
2.9416916820892007
1.062756609091063
9.696295788476736e-08
-2.3121255867924343e-07
_
0.17905467473035672
0.4006396606547245
0.034520187517915316
-2.5405331539128944
-0.06745711673297733
2.9404797240486773
1.062347254305909
4.3245077138987574e-07
-2.4271809504222933e-08
_
0.1786531016796294
0.4015967100790289
0.034613188077600686
-2.5383699264486386
-0.06739164444503432
2.9392710077040616
1.0619384554461975
-1.5852011967773605e-07
-2.427972605387354e-07
_
0.17825415862314195
0.4025554078192402
0.03470536136711452
-2.536205048872561
-0.06732721734735216
2.9380601283661214
1.0615308900318454
-4.1292164228124146e-07
-1.2305025613653613e-09
_
0.17785670896789982
0.40351561008501113
0.034796822977401394
-2.5340384097385065
-0.06726257771323575
2.936850189397424
1.0611246737854552
-5.657810306728256e-07
-1.494316743064558e-08
_
0.17746003149981704
0.4044771123286829
0.03488746705266061
-2.53186990689458
-0.06719506493510004
2.935645987910125
1.0607155305676228
6.785332609548468e-08
-6.558476589119334e-08
_
0.1770684624243475
0.4054405277295455
0.034976056696942474
-2.5296999877352477
-0.06713003490655567
2.9344328555836956
1.0603117769774562
-4.92593056215426e-07
1.074959355498798e-08
_
0.17667692490377898
0.4064052115397981
0.0350643235125055
-2.5275277771882085
-0.06706223989342694
2.933227829661172
1.0599042716015727
-2.9344870041294785e-07
3.3398536802040725e-09
_
0.1762894520611522
0.4073718403588071
0.035151296295207385
-2.5253543225769874
-0.06699722413511501
2.9320128830014163
1.0595031833229467
-4.533565651335787e-07
1.7374585963519673e-08
_
0.17590112865669272
0.408339644306662
0.03523757452123911
-2.5231787615043713
-0.06692989878984645
2.930806450357665
1.059099607660187
-2.3758730371894535e-07
-1.8549738101823685e-07
_
0.17551738559025187
0.4093093328776861
0.03532284250653691
-2.5210015580580074
-0.0668648024953246
2.929594040967535
1.0586982299909093
-3.7134300608257194e-07
-6.3055183825665605e-09
_
0.17513450675460127
0.41028049324002897
0.035407906765299806
-2.518822677885713
-0.06679888931583486
2.9283834631445558
1.0582975153051515
1.6468053799309034e-07
3.3367282279269823e-07
_
0.17475302745072108
0.4112531357146067
0.03549118875959181
-2.5166417518205693
-0.06673265226574261
2.9271731674983585
1.057897846663683
2.140322068398891e-07
1.6902242976039188e-08
_
0.1743748472348567
0.4122275506174679
0.03557371031817402
-2.514459114656464
-0.06666763899352807
2.925960674417072
1.057499570428
2.0100658642042645e-07
3.470859059815985e-07
_
0.17399735960852647
0.41320334293531064
0.03565578227739217
-2.5122747281360924
-0.06660152687832137
2.9247501730639986
1.0571016492175034
-1.7277647937843185e-08
2.5002783271298897e-07
_
0.17362138929324888
0.41418065996760756
0.03573719888909392
-2.510088614786032
-0.0665350750796606
2.923539392945651
1.0567043015235906
-3.984750616462141e-07
-2.036069347675025e-08
_
0.17324777489771487
0.4151595881471442
0.0358174141229289
-2.5079006102611108
-0.06646851804327955
2.9223287312247166
1.0563074347310455
-5.114907935565977e-07
8.64430851816779e-09
_
0.17287681919255443
0.4161401042639215
0.035896813986455
-2.505710893382368
-0.06640250257440185
2.921115981482313
1.0559128278254846
-4.901677326396652e-07
-3.650641420408225e-08
_
0.17250682435120754
0.41712204496613037
0.03597552904327552
-2.5035192862523834
-0.06633554921057098
2.919905845910998
1.055517247677861
-5.519323815155785e-07
3.642672125050357e-09
_
0.17214000092690954
0.4181056891480811
0.0360526191674947
-2.501325862607925
-0.0662691065597921
2.9186932213575414
1.0551237236517073
-6.127398633890591e-07
-6.138827562719462e-09
_
0.17177409845011754
0.4190909441870294
0.03612888450527927
-2.499130543862433
-0.06620177283330461
2.917481464041454
1.054731680629317
-5.359129164039203e-07
-3.012579105591614e-07
_
0.1714104735276204
0.4200775852865873
0.03620464362541629
-2.496933613655244
-0.06613555898142164
2.9162684103120475
1.054339670043682
-3.978237205643948e-07
-3.891242249582039e-08
_
0.17104819399750712
0.4210662796373983
0.03627984467412803
-2.4947346993373367
-0.0660704106985774
2.9150512687901315
1.0539509102892026
-3.031675107935902e-07
-1.5482684607329256e-08
_
0.17068707097068264
0.42205598910589215
0.03635504585304747
-2.4925340875074333
-0.06600486207089191
2.9138392872025767
1.053560965212535
-8.660107605505216e-08
-1.2676844154955316e-08
_
0.17032839247299122
0.42304751437954036
0.03642849092984177
-2.4903313935565365
-0.06593972799420049
2.9126251768525915
1.0531734430261064
6.094432137646171e-08
-2.299996814843986e-08
_
0.169971824524447
0.42404063163908556
0.036501438876081635
-2.488126942007875
-0.06587538215416999
2.9114097106952
1.0527868630675918
-9.930967668822609e-09
9.4014265512322e-09
_
0.1696160181727947
0.425035236992447
0.036574047365345606
-2.485920669240031
-0.065810655860011
2.9101950278105213
1.0524012083340448
-6.083452182497246e-08
-4.319173638067613e-08
_
0.1692611185598791
0.426031274520098
0.03664630036704979
-2.483712582410154
-0.06574537954592444
2.9089814509686627
1.0520157187925323
-7.5940175880686e-08
-3.126129466714182e-09
_
0.16890864017730564
0.427028965332522
0.03671742831022792
-2.4815026063325623
-0.06568061886605457
2.9077664843584494
1.0516316368086882
-4.661862982759351e-07
-1.35106994984998e-07
_
0.16855695380203983
0.42802837399894356
0.03678815562485996
-2.4792907256853214
-0.06561597177197337
2.9065503487634636
1.0512491300393052
-8.222705038132387e-08
-1.2376494653362804e-07
_
0.1682090674477774
0.4290292158805929
0.036857609002098696
-2.4770769708023654
-0.06555322357493279
2.905333564611684
1.050867991887279
9.61432324952422e-08
-1.4767582794265097e-08
_
0.16786065343096113
0.4300319573386565
0.036927170517097666
-2.4748613885187885
-0.06549009050611684
2.9041151990326783
1.0504887780059453
2.195993574705592e-07
-3.521572690323048e-08
_
0.16751392829071318
0.43103548516509144
0.03699688833003111
-2.472643962382891
-0.0654265741994664
2.9029018852171378
1.0501077765871616
9.87811471631821e-08
-4.5122305234500827e-08
_
0.16716911720006103
0.4320410056678676
0.03706490372373118
-2.4704245811351555
-0.06536311227801408
2.901685166405388
1.0497293367032523
2.822073090680263e-07
-1.2526741070836307e-08
_
0.16682638004393782
0.43304830326086274
0.03713158822227603
-2.468203132534296
-0.0653007241146999
2.900466779282238
1.0493526228000147
7.854784559722438e-07
-4.670051244570586e-08
_
0.1664843995436547
0.4340569767330285
0.03719863862689749
-2.4659799683480017
-0.06523814477899803
2.89924930009011
1.0489763961268035
1.1802095805604465e-06
-6.420921197479377e-08
_
0.16614390808872506
0.43506694755791187
0.037265315189539135
-2.463754981381042
-0.06517544628440236
2.898032628300564
1.0486004016072643
1.2837527809269633e-06
-3.8547536823449485e-08
_
0.16580595372161522
0.43607876970169124
0.0373306901897905
-2.461527932903532
-0.06511351482685072
2.896813965528743
1.0482262061863814
1.4733084466361066e-06
-5.2920897556181785e-09
_
0.1654678102661153
0.4370920813122407
0.03739628101351922
-2.4592990768664955
-0.06505002657715557
2.895597065882506
1.0478524546450556
1.6399404105244275e-06
-1.5840298797581298e-07
_
0.16513299087866387
0.4381066646343808
0.03746055529725854
-2.4570682427698154
-0.06498783439927627
2.8943800616350392
1.0474780088689815
1.4277096439199555e-06
-4.0815929585188666e-08
_
0.16479932195629673
0.43912332895210765
0.03752383664094793
-2.4548355219211717
-0.06492621839597267
2.893158238169989
1.0471077937628417
2.1380338298558966e-06
8.239564635929113e-09
_
0.16446638819612044
0.44014141831978765
0.037586920426288896
-2.452600919210189
-0.06486431408291243
2.8919392906387005
1.0467375324974175
2.8494643805593238e-06
-2.7624778311042695e-07
_
0.16413608305206803
0.441160926199217
0.03764963347328202
-2.4503643266189923
-0.06480362054136
2.8907188703728477
1.046367603277709
3.270573285558244e-06
-4.2994067256904126e-08
_
0.16380593167817112
0.4421820811062509
0.03771197139881839
-2.448125682134402
-0.06474254560130852
2.889498123343159
1.0459995360547214
3.7419861591525847e-06
-6.562057157942077e-08
_
0.1634772640121633
0.4432047470054891
0.03777348964036578
-2.4458850907867364
-0.06468179352829373
2.8882781781749296
1.0456322975204064
4.043370201602521e-06
-2.9151219275460583e-07
_
0.1631504359127
0.44422912360104383
0.03783438986315804
-2.443642533928545
-0.06462164471664766
2.887056789610455
1.0452671433644454
4.215402436579162e-06
-6.262521926140236e-07
_
0.1628248013955443
0.44525473338706617
0.03789570356612122
-2.4413982520825317
-0.06456144693414938
2.885836154591863
1.044899719601561
4.9463507906567735e-06
-1.397526033438664e-07
_
0.16250091042510734
0.4462821112887966
0.03795531630543455
-2.4391519175088416
-0.06449989906067201
2.8846167364408033
1.0445349060448677
5.107088824415065e-06
-3.957183381787373e-07
_
0.16217885460304327
0.4473111369553898
0.0380142329427079
-2.4369034320828566
-0.06444076831770991
2.8833921246300847
1.0441717528954833
4.721703502681052e-06
-5.026236869868614e-07
_
0.16185777349177607
0.44834158154810755
0.03807322078452437
-2.434653075180612
-0.06438098446234738
2.8821703901747653
1.0438081908285388
4.452603061988924e-06
-3.037913016751681e-07
_
0.16153839327633338
0.44937370503031127
0.03813140152076184
-2.4324007823727283
-0.06432168162095657
2.8809465654417186
1.0434471857567278
4.561002594987687e-06
-3.3179918912372967e-07
_
0.16121993969223103
0.45040739623789583
0.03818966152748989
-2.4301464885173303
-0.06426253062305019
2.8797228525153136
1.0430860647071665
5.103139440468392e-06
-6.41229127352479e-08
_
0.1609032863354199
0.45144265832588903
0.0382467163601928
-2.4278901681300944
-0.06420374529314102
2.878498590756
1.0427261313080989
5.364957291228572e-06
-4.392729162557175e-08
_
0.1605877981433507
0.45247944448263683
0.03830348646238831
-2.4256318239621915
-0.06414502059521748
2.877274621026465
1.0423672687088552
5.473257024750875e-06
-1.0020424612030866e-07
_
0.16027362613191157
0.4535178139747903
0.038359771053144705
-2.423371514804461
-0.0640865036410501
2.8760497193597363
1.0420093837221605
5.52796186878891e-06
-9.441133671420615e-08
_
0.15996094502911265
0.45455766875009246
0.03841563403002112
-2.4211090658203434
-0.06402804849304959
2.874825425952029
1.0416519458526765
5.396011002991507e-06
-7.860943900624028e-08
_
0.15964951505796693
0.4555992334630547
0.038470510437437995
-2.4188446618535546
-0.06396963157120106
2.8735998844738684
1.041296561898328
5.735984979070127e-06
-1.0024558861875444e-07
_
0.1593393168781072
0.45664236721846685
0.03852544007668681
-2.416578459547113
-0.0639118515410508
2.872372912488844
1.0409410620097252
5.865514909275029e-06
-5.04085080792002e-08
_
0.15903019528681356
0.4576870449023091
0.03857965372938599
-2.4143098392278906
-0.06385403717880313
2.8711469625506796
1.0405875956629564
6.458214124420902e-06
-2.3046627128376964e-07
_
0.15872233023356302
0.458733199939456
0.03863359787831805
-2.412039429753645
-0.0637969357318721
2.869919960979458
1.0402350811699488
7.015876608520349e-06
-4.183194724899383e-07
_
0.15841639996506557
0.45978099325146593
0.03868730385053804
-2.409766938186737
-0.0637406921241429
2.8686920895847945
1.0398830259056349
7.445964532181075e-06
-2.3199155130945043e-07
_
0.15811106280976953
0.46083040264198316
0.03874049806857357
-2.4074923740090064
-0.06368422914152913
2.8674641030228756
1.0395321272777698
7.637310165175341e-06
-3.079050416374319e-07
_
0.1578067146579773
0.4618812543416625
0.03879366716171107
-2.405215840520108
-0.06362730094481608
2.866236809290466
1.0391810885137407
8.453748098271332e-06
-1.826818849933481e-07
_
0.1575042600361126
0.46293379902551524
0.03884601610911319
-2.402937158556667
-0.06357108676921519
2.865007796929241
1.0388316570868312
9.001544122818861e-06
-1.79357839627224e-07
_
0.1572026200614987
0.4639880138176025
0.03889702925762661
-2.4006562093708745
-0.06351454433474595
2.8637792801904696
1.0384839652283473
9.829224670403423e-06
-5.6277098506958e-07
_
0.15690236386692816
0.46504352783158354
0.038948434939434555
-2.3983734697860615
-0.06345815551287978
2.862551311550293
1.0381355966004666
9.937332453486434e-06
-9.284092520765643e-07
_
0.1566050244509675
0.4661009285854516
0.038998957942207986
-2.39608855469549
-0.06340353042099083
2.8613185592949537
1.0377887247865036
1.0326641439707414e-05
-2.9337253908912167e-07
_
0.15630698985044827
0.4671597856498671
0.03904971496457696
-2.393801645214426
-0.06334749171222817
2.8600880943377995
1.0374428061308907
1.1099847188137966e-05
-2.049890445839921e-07
_
0.15601103122354262
0.46822017380341924
0.0390992228710136
-2.3915124432569494
-0.06329221555440787
2.8588573960889643
1.0370975693993592
1.166765167970699e-05
-1.8341974101588123e-07
_
0.15571614064590636
0.46928228933116933
0.03914891780148025
-2.389221322800919
-0.06323716519196192
2.857624895570931
1.0367539140710964
1.2412528197238967e-05
-2.1025148392976488e-07
_
0.1554218853155096
0.47034580012290617
0.039197646550679706
-2.3869278772758653
-0.06318154280690531
2.8563949488100135
1.036410879306921
1.2628624178408082e-05
-8.281282957727819e-07
_
0.15512999583736592
0.4714110520672439
0.03924600146051457
-2.3846324404987707
-0.06312715702865647
2.855161751448492
1.0360679689755814
1.3511905933003805e-05
-5.135079250410851e-07
_
0.15483902659932613
0.4724774944993505
0.03929407519775422
-2.3823349039584896
-0.06307074204032959
2.8539320376526423
1.0357240122156584
1.4278942484404356e-05
-3.906237513475964e-07
_
0.15455034337740448
0.4735463483768492
0.03934150384439275
-2.380035350930236
-0.06301714536419671
2.852692852435768
1.0353846862099865
1.4955600512054083e-05
-1.5441743628318214e-07
_
0.15426187968567767
0.47461619501945823
0.03938824014216278
-2.377733368984912
-0.06296294609683925
2.851460050362947
1.0350444390690856
1.5090130684271857e-05
-1.4949604002864593e-07
_
0.1539747740570426
0.47568764042805584
0.03943482915040894
-2.3754293783770115
-0.06290801933197436
2.8502267354833473
1.0347044299508565
1.5417022279025018e-05
-1.590572269497086e-07
_
0.1536893071826946
0.4767607683931912
0.03948044270654927
-2.3731232740667365
-0.06285251130445345
2.8489932549547996
1.0343656319149188
1.52190417727652e-05
-6.601177277810924e-07
_
0.15340476822262472
0.47783587477270534
0.039525878640329005
-2.370814990461751
-0.06279951941294604
2.847752963429109
1.0340291390109109
1.5324356438898095e-05
-4.6892645975529877e-07
_
0.1531206994685211
0.4789119885709242
0.03957153274242312
-2.3685045769419797
-0.0627445484256006
2.8465198573344423
1.0336909939570538
1.6441204443717395e-05
-3.215099105215359e-07
_
0.15283885754326615
0.4799904758825845
0.03961663095873071
-2.366192073694453
-0.06269241468942764
2.8452776958520865
1.033356745631928
1.7184093604147908e-05
-1.0021180215555925e-07
_
0.15255741422693042
0.48106993054035907
0.0396611413916501
-2.363877309989668
-0.06263965331074046
2.844041276658759
1.0330222771531183
1.773867452879481e-05
-2.764332449738055e-07
_
0.1522768203350771
0.4821510443840542
0.03970587355884963
-2.361560066740366
-0.06258659335819503
2.8428041900842365
1.0326879267305928
1.8859189506062508e-05
-2.212955076300284e-07
_
0.15199771547247576
0.483233775655171
0.03974980458273911
-2.3592408379128424
-0.0625333989333328
2.841566636309751
1.0323540355969085
1.991873849209889e-05
-2.3610598648715132e-07
_
0.15172070463219417
0.484317927102273
0.03979273596993676
-2.3569192461213877
-0.06247897432802517
2.840331478424059
1.0320189473265726
2.0586984804713725e-05
-2.8244698098536073e-07
_
0.15144490105119596
0.48540386240334155
0.03983500373695777
-2.3545957992844184
-0.06242452796556598
2.839091274118939
1.0316863252031054
2.1335353797980745e-05
-3.951004816804793e-07
_
0.15117116123091334
0.4864914227503376
0.03987668185712812
-2.3522700406196524
-0.062370948818239916
2.837851149457024
1.0313537651218514
2.1168519947941735e-05
-3.8405036994441904e-07
_
0.15089791224417104
0.4875808996964777
0.03991752054748255
-2.349941785667039
-0.06231739789469926
2.8366090331975387
1.0310248680844616
2.1612450056942596e-05
-8.726832501153677e-07
_
0.1506262388182642
0.48867140044349094
0.03995895311932763
-2.3476115615560325
-0.06226377978131165
2.8353699652134905
1.0306917061792578
2.173865516885386e-05
-3.5871788207191073e-07
_
0.15035583439832478
0.4897638285160546
0.0399992035604352
-2.3452790416245453
-0.062209151903633866
2.834128464153017
1.0303609309243185
2.22401324022265e-05
-2.2952676597446755e-07
_
0.1500871095892908
0.49085794958615253
0.04003845562837882
-2.34294426281193
-0.06215516348406279
2.832885277751667
1.0300321455081953
2.3077059366211917e-05
-2.763763345039494e-07
_
0.14981943919208424
0.4919536049081729
0.040078099940193436
-2.340607291239003
-0.06210116568884078
2.831642343498008
1.0297030304909232
2.3868674557110472e-05
-1.8956556583113163e-07
_
0.1495531810835836
0.49305100604961694
0.04011612792208634
-2.338267818127774
-0.062046973880587095
2.8303999908607818
1.0293758334708898
2.377500354658574e-05
-7.764234077647255e-07
_
0.14928756570194285
0.4941501087480999
0.040154429469954386
-2.3359266053735577
-0.061993423985790524
2.829152885742267
1.0290485918726744
2.5709246130800634e-05
-3.0391886092217555e-07
_
0.14902296017750102
0.4952507388725499
0.04019280179025194
-2.333582645954156
-0.06194075255844177
2.827906394119603
1.0287231729585624
2.607107108665083e-05
-4.138443402224539e-07
_
0.14875933355453486
0.49635289379189446
0.040230802828316425
-2.331236378515972
-0.0618880910743625
2.8266611966002975
1.0283975100644334
2.681475094280158e-05
-4.6722586639522676e-07
_
0.14849704975229394
0.4974567699832783
0.040268398005313864
-2.3288879235235562
-0.061835197049881926
2.8254150577624872
1.0280725919609695
2.7607878424855484e-05
-3.4939352688243624e-07
_
0.1482360824036283
0.49856225183629127
0.04030542869963598
-2.3265371643981054
-0.06178235333584481
2.8241681113199206
1.0277483318194258
2.7902868697519597e-05
-3.1379415045739506e-07
_
0.1479760704443578
0.4996695115974045
0.04034243065053599
-2.3241841846507088
-0.061729830846640805
2.8229192856894083
1.027425540893751
2.8830440788046512e-05
-2.215417301962115e-07
_
0.147717036591653
0.5007782169850313
0.04037864316796303
-2.321828735718761
-0.061677110475024936
2.821671952279469
1.0271024558779074
2.9312092495106846e-05
-2.4621829725221476e-07
_
0.14745933938662642
0.5018889963694723
0.04041417593702894
-2.319470978357848
-0.06162576221968248
2.8204200368274908
1.0267829030673836
2.989169765834813e-05
-4.1083251028025756e-07
_
0.14720201005712605
0.5030008545323026
0.04045053780533143
-2.3171110306169855
-0.06157328758687872
2.819172410997285
1.0264603760981732
2.9998418701234528e-05
-4.0189009302500566e-07
_
0.1469463548119164
0.504114889693659
0.040485650956752245
-2.314748524527508
-0.061521662161138836
2.817920078994499
1.0261411970524874
3.1027373078895894e-05
-3.2820151625683683e-07
_
0.14669117459730713
0.5052305034412309
0.04052060185481489
-2.3123836933714497
-0.061470869188021325
2.8166675393623355
1.025823532790687
3.198754329660414e-05
-4.5514172387413455e-07
_
0.14643733409376566
0.506347362199062
0.040555853430252406
-2.310016825364651
-0.06141959636878535
2.8154168141683757
1.0255040801945154
3.244729064611421e-05
-4.5295674077730496e-07
_
0.14618420889364228
0.5074662108451287
0.04059072017726949
-2.3076472189684787
-0.06136864053978065
2.814163283243008
1.0251871515420277
3.356352422056176e-05
-3.5277570060044327e-07
_
0.14593249823701313
0.5085865792461952
0.04062478377988309
-2.305275419686111
-0.06131788593320339
2.8129102054548865
1.0248697146368095
3.400764881064384e-05
-4.0022925949335703e-07
_
0.14568178527030357
0.509708649946944
0.04065860365891423
-2.3029009921364416
-0.06126718087804147
2.8116560763089953
1.0245541175008177
3.5069270707867736e-05
-3.2441539619991536e-07
_
0.14543163969911796
0.5108327764362097
0.040692195685939694
-2.300524208178683
-0.06121760452170742
2.8103992202434935
1.0242405536481562
3.617935279174627e-05
-5.303032482505861e-07
_
0.1451827861063764
0.5119580536451228
0.040726193394619026
-2.2981451585176695
-0.061168093775695515
2.80914426736722
1.0239252740469411
3.6778501868336154e-05
-3.38026999964875e-07
_
0.14493424275968197
0.5130851534376805
0.040759446140112385
-2.295763671964145
-0.061117811092807436
2.807888593550303
1.0236126366177238
3.7197471667680326e-05
-9.380990331492099e-07
_
0.1446871678335139
0.5142142801801152
0.04079260860388526
-2.2933798209959573
-0.06106920602982061
2.806629581020952
1.0232998104586501
3.844309887946172e-05
-5.401581225716632e-07
_
0.1444412077350458
0.5153445262092936
0.04082552149608606
-2.2909934121991866
-0.06101988187794509
2.805372902795737
1.0229873367799585
3.915177375807387e-05
-4.006246309845108e-07
_
0.1441964265935104
0.516476755560122
0.04085777666187232
-2.2886044955532308
-0.06097089728389832
2.8041138695850574
1.0226760700302469
3.986156802796263e-05
-2.6824098564816824e-07
_
0.14395198200788722
0.5176106477326037
0.04089034889954966
-2.286213358854758
-0.06092171839143559
2.802854354431622
1.0223656820257254
4.1065930917989166e-05
-2.947077631871546e-07
_
0.14370824436811383
0.5187462543629766
0.04092181476410049
-2.283819474587371
-0.060872957900513135
2.8015947221075677
1.0220561637119736
4.155759193756665e-05
-6.396180711159898e-07
_
0.1434669661979644
0.5198830841635931
0.04095303680667585
-2.2814234620849656
-0.060822406793143165
2.800338292522495
1.02174516463045
4.184053659852445e-05
-8.198148699655819e-07
_
0.1432270711621148
0.5210220646605027
0.0409836451889116
-2.2790246029255434
-0.060773422629260256
2.7990754165145413
1.0214355882523167
4.2072944466921303e-05
-6.010948119633092e-07
_
0.14298675391931512
0.5221632194277717
0.04101382706737384
-2.276623406112158
-0.06072535809159266
2.797809397791632
1.0211301664533503
4.321535241862432e-05
-8.638187036565745e-07
_
0.14274739203745299
0.5233055327809938
0.041045288509230574
-2.274219903522961
-0.06067761482124105
2.7965460284420667
1.0208224202186607
4.4871905086604504e-05
-4.6573862332513007e-07
_
0.14250926093694227
0.5244496788373451
0.04107523168374434
-2.27181349775996
-0.06062966140306833
2.795282971094428
1.0205178279708564
4.535311731467612e-05
-1.0517019068371893e-06
_
0.14227169555764702
0.5255954286765042
0.04110562604359085
-2.26940479977711
-0.060582474934976795
2.7940180276030984
1.020210992201478
4.660153210284053e-05
-7.466187170700689e-07
_
0.1420353269909308
0.526743111099079
0.041135966132007644
-2.2669935788474134
-0.06053522120186698
2.792751304082097
1.01990642313146
4.794401140955633e-05
-5.8175926348844e-07
_
0.14179975398596428
0.5278924477753478
0.04116573774297911
-2.2645797998209707
-0.06048857502249924
2.791484179521332
1.0196029465717984
4.928509752506775e-05
-5.106287489648008e-07
_
0.14156490758240822
0.529043644329184
0.04119535208701588
-2.2621633375013763
-0.06044260246443289
2.790215818900368
1.0193011077303742
5.086785284345704e-05
-6.919132993769721e-07
_
0.1413304972903531
0.5301962209331862
0.04122520374914856
-2.2597444346366107
-0.060396348875775045
2.788948669561004
1.018998432359923
5.134078590769298e-05
-8.435687354636386e-07
_
0.14109740889671715
0.5313506104725918
0.04125478578907983
-2.2573230229376
-0.06034940143898509
2.7876807680436078
1.0186955050972561
5.3371463324459976e-05
-4.663090272208395e-07
_
0.14086589413626202
0.5325069562552245
0.04128326685464571
-2.254899073118688
-0.060303486704371266
2.786409697813447
1.0183946673471505
5.426270676052757e-05
-5.331254522390616e-07
_
0.14063502518928417
0.5336648547441818
0.041311957661989314
-2.2524723777376896
-0.060257713058230564
2.7851387251670636
1.0180945195858278
5.443792756525951e-05
-6.43709082898982e-07
_
0.14040486332438634
0.5348244129646894
0.04134050962655983
-2.250043019711154
-0.06021145185768675
2.783868525146764
1.0177943174465263
5.5256771694436245e-05
-5.0564883140741e-07
_
0.1401752616829708
0.53598600215977
0.04136875899225013
-2.247611180771295
-0.06016568611158802
2.7825953124431217
1.0174961848651067
5.634330112728793e-05
-6.402384654563575e-07
_
0.13994725609799524
0.5371489839526697
0.041396446291238675
-2.2451765436969353
-0.06011931411194528
2.7813251903296647
1.0171954953705253
5.755492554589862e-05
-5.931925809492161e-07
_
0.13972054376512655
0.5383143092199596
0.04142337892786742
-2.2427395119210565
-0.06007490347912018
2.7800470274003515
1.0169003480846344
5.8451982470481116e-05
-6.851551680071995e-07
_
0.13949326555726033
0.5394809937630968
0.041451512710432244
-2.2402997753334315
-0.06002973969716494
2.7787726942807507
1.016603304592189
5.9654721343167085e-05
-6.544592142077164e-07
_
0.1392673004094476
0.5406494221640383
0.04147899496790038
-2.2378574309581456
-0.059985140017782004
2.7774969910390257
1.0163071338266765
6.135018797739487e-05
-5.862882664111481e-07
_
0.13904257893231858
0.541819754307015
0.04150594098419905
-2.235412429441846
-0.05994070963864114
2.7762202145928976
1.016011290154091
6.239233886847103e-05
-6.141713964825705e-07
_
0.13881846052295282
0.5429915573615859
0.04153279205861256
-2.232964484898325
-0.05989547811946883
2.7749447702747103
1.0157162008135723
6.285388305309851e-05
-1.093756742460963e-06
_
0.13859638287993306
0.5441651988244448
0.04155900686350471
-2.2305139698398886
-0.05985004989174517
2.7736685915934123
1.0154201453636338
6.443913624365397e-05
-6.559455410995079e-07
_
0.13837528304337857
0.5453407132223248
0.041584497657412504
-2.2280610485149754
-0.05980442642279036
2.772388889966611
1.0151253211873508
6.511724428901387e-05
-7.028740150737142e-07
_
0.13815528293813772
0.5465177808838146
0.04160972774952202
-2.2256050569195063
-0.0597576899449751
2.7711116575688797
1.0148298782421594
6.728072040754977e-05
-5.789945682587455e-07
_
0.13793676293807028
0.5476970432786501
0.041634563833159874
-2.2231466404788764
-0.059712289515113426
2.769828673590567
1.014536369074904
6.858063846693035e-05
-4.1288658711526614e-07
_
0.1377186486350545
0.5488778366991659
0.041658677206035076
-2.2206852962621104
-0.059666341958670044
2.7685478767254197
1.0142431160631435
6.967455105149413e-05
-5.591005326120374e-07
_
0.13750170213317472
0.5500606808121768
0.04168292387728555
-2.218221398552373
-0.05962055968879199
2.7672646724197763
1.0139503519360933
7.113967062925895e-05
-4.731467678092926e-07
_
0.13728600161598156
0.5512451575771812
0.041706251730336825
-2.21575449898497
-0.059574977691036535
2.7659815037954485
1.013657826096682
7.190623788269024e-05
-6.052536824043212e-07
_
0.1370713658509668
0.5524313155098429
0.04172957043553309
-2.2132849452832564
-0.059528727988926784
2.7646979554437494
1.0133656011020726
7.244377157730621e-05
-6.106428417083318e-07
_
0.1368572885301605
0.553619658508479
0.04175239857273278
-2.210812716843961
-0.05948350053780769
2.76340997182425
1.013076393295036
7.411094158995204e-05
-5.847703809663966e-07
_
0.1366442953005528
0.5548095494848858
0.04177474622398114
-2.208337825578433
-0.05943732835421724
2.762125494651567
1.0127861458099647
7.521390776679488e-05
-7.409538269160026e-07
_
0.1364319690128186
0.5560014425627591
0.04179779646144648
-2.2058599014942084
-0.059392137733628524
2.7608368078008807
1.0124947321954387
7.586758496349496e-05
-7.420812096604098e-07
_
0.1362205128690771
0.557195195361848
0.04181988222551073
-2.2033790533287934
-0.059347726985715346
2.759546349816287
1.0122078938156303
7.740388319111125e-05
-6.954783841727104e-07
_
0.136009198090036
0.5583908641161852
0.041842701401827644
-2.2008955415373648
-0.05930359547417327
2.7582560858761718
1.0119204199703056
7.919467659623379e-05
-9.329512951704977e-07
_
0.13579838612837605
0.5595882175537101
0.04186535576908926
-2.198409152112795
-0.05926013583871481
2.7569649546361865
1.0116333647746918
7.981535039820835e-05
-1.1148099975174967e-06
_
0.13558927230568452
0.5607870041124354
0.041888135803945604
-2.1959200060689112
-0.059215401313021714
2.7556762749297574
1.0113444072218316
8.033244898252076e-05
-7.996241265030272e-07
_
0.13538096176795594
0.5619885277459985
0.0419094877890803
-2.1934278423035756
-0.05917225786243301
2.7543800842113892
1.0110603909338103
8.173744849867182e-05
-7.648608893839107e-07
_
0.13517282443159118
0.5631914204019828
0.0419317550475578
-2.190932908096604
-0.059128973020456464
2.753086364234606
1.0107749502437018
8.354956987044411e-05
-6.197763237323328e-07
_
0.13496552872075068
0.5643959540446424
0.041954136113857475
-2.1884353589559273
-0.05908504130320209
2.7517930416047545
1.0104893158000465
8.526249946488682e-05
-5.102966417142772e-07
_
0.134759591924269
0.5656027094004773
0.0419750723593784
-2.1859344283696847
-0.059042350214685665
2.7504961708982525
1.0102057898645278
8.662049590749642e-05
-5.564012223374476e-07
_
0.1345540868720318
0.5668109906529081
0.041996579866948644
-2.183430879719152
-0.05899849527868862
2.7492013088177654
1.0099214540920067
8.854411559409991e-05
-5.165638790949596e-07
_
0.13434984601296504
0.5680213393200105
0.04201725017932513
-2.1809243548296844
-0.058955273281923
2.7479034610173723
1.0096381165623687
8.964158564154962e-05
-6.411666212782186e-07
_
0.1341466465539227
0.5692335623175018
0.04203796102450108
-2.1784148517620707
-0.05891207056379295
2.7466048261697504
1.009355202072253
9.030412720995e-05
-6.90270307455224e-07
_
0.1339441010760548
0.5704476655211753
0.04205840324351862
-2.1759024944492085
-0.058868767147190346
2.7453051289782406
1.0090730405354933
9.134850630627557e-05
-6.35693647247949e-07
_
0.1337420557112435
0.5716637212959017
0.042078790152649516
-2.17338720732744
-0.05882570468334064
2.7440037932874923
1.0087925258015626
9.253944077263519e-05
-8.070639611693309e-07
_
0.13354030622073051
0.5728819050941625
0.04209862633477965
-2.1708688087153782
-0.058784082953005704
2.742700073719534
1.008513204857011
9.432496495519947e-05
-9.390733845202719e-07
_
0.13334007710156034
0.5741016992443498
0.0421192901612255
-2.168347729861237
-0.0587419973070797
2.741397732401719
1.00823148570052
9.523948968070493e-05
-7.33917955215664e-07
_
0.1331403735487414
0.5753236935213606
0.04213898148761376
-2.165823402510107
-0.058699914759852666
2.7400921907013793
1.0079527450352042
9.691903071544651e-05
-7.077308280613557e-07
_
0.13294199824803318
0.5765468840689479
0.042158600857777166
-2.163295962716233
-0.05865676139204828
2.738791399345545
1.0076729703681204
9.69319211215111e-05
-1.166696161270191e-06
_
0.1327446699963239
0.5777722515809308
0.042177429555438996
-2.1607655726119317
-0.0586138812742679
2.737485541158254
1.0073928105572787
9.740090618191885e-05
-8.509736441528101e-07
_
0.13254752920995666
0.5790002774913522
0.04219665105851186
-2.158232178541169
-0.05857240713692093
2.736174082069827
1.0071164602571203
9.967950690301863e-05
-5.432719577490255e-07
_
0.13235076446633676
0.5802296469545518
0.04221604132931879
-2.1556957671642407
-0.05853103306071284
2.734865946044845
1.0068394339301365
0.00010118636920783342
-6.93048061296402e-07
_
0.13215482780509286
0.5814610189698193
0.04223539219652142
-2.153156295870477
-0.05848979276106379
2.7335566378345115
1.0065626890057868
0.00010285069178792639
-5.966425733276926e-07
_
0.13195983636944275
0.5826945967065709
0.04225415365087763
-2.1506136713202464
-0.05844931008405865
2.732244559950113
1.0062871406039657
0.00010360952498687091
-8.032942004706051e-07
_
0.13176535799437594
0.5839296249462821
0.04227328705112461
-2.148067944960167
-0.058407877327323825
2.7309344772454014
1.0060113159988386
0.00010487990959517718
-8.156479954755331e-07
_
0.1315718964448942
0.5851672502490218
0.042291757203341405
-2.1455193489192057
-0.058367636703314255
2.729619349244687
1.005737267626935
0.00010626014269889079
-7.953158676988616e-07
_
0.1313787843003854
0.5864063466442744
0.04231081121647473
-2.142967452577522
-0.0583266903634376
2.7283061952747163
1.005462747535067
0.0001086241627421527
-5.275244798853503e-07
_
0.1311867261369083
0.5876477476977159
0.042328844809727935
-2.140412471369867
-0.05828699095378089
2.7269892568539946
1.0051900648473602
0.00011047311055296777
-6.308743925581604e-07
_
0.13099484614442675
0.5888909783412234
0.042347395069132425
-2.137854266696648
-0.058246988953255786
2.7256730274924816
1.0049171930699772
0.00011178934612129521
-8.374326646021613e-07
_
0.13080381725295445
0.5901361868164273
0.04236606843834971
-2.1352928401183875
-0.058207552704686756
2.7243548664817805
1.004645410243312
0.0001141191937233524
-6.778707301652828e-07
_
0.1306134077601449
0.5913833527806354
0.04238454651632185
-2.1327283406912616
-0.0581683036157762
2.723036037708482
1.004373830486592
0.00011622971781947715
-6.629484071644811e-07
_
0.13042380731276906
0.5926325472960837
0.042402594929589976
-2.1301607350964207
-0.058129150820850614
2.72171605112564
1.0041026555019485
0.0001175945857254049
-7.507312190889363e-07
_
0.13023491278687002
0.593883639766991
0.042420726644521435
-2.127589574133021
-0.058089648496102174
2.720396225318322
1.0038319751476619
0.00011929439393812981
-9.052601583716925e-07
_
0.1300482257458427
0.5951360230433349
0.042438016826132983
-2.125015555730807
-0.05804748750711883
2.7190806675136936
1.0035587196593032
0.00011997477129940814
-1.1734831228680127e-06
_
0.12986235888402722
0.5963912608876984
0.042453878196518004
-2.1224382997901983
-0.058006486215811844
2.7177559485039433
1.003287452809736
0.00012116843706133
-1.1438456016114097e-06
_
0.12967794791937706
0.5976485423427134
0.04247019298837557
-2.11985752755942
-0.05796593349118063
2.716430426878674
1.0030165298853557
0.00012169640538869529
-9.545059768443078e-07
_
0.1294935913757138
0.5989078164121472
0.04248659076800559
-2.117273858834545
-0.05792491544682088
2.7151039552652025
1.0027468822508465
0.00012341973344215642
-6.633659011213852e-07
_
0.129310210174497
0.6001689699873503
0.04250187571794824
-2.114686611384197
-0.05788411315631699
2.713777911656995
1.0024773430419789
0.00012488492708303105
-8.242568595815051e-07
_
0.12912788225412405
0.6014323815157473
0.0425170750043425
-2.1120961726623606
-0.05784387331258385
2.7124488344654494
1.0022099393810575
0.00012591276467779447
-1.3234265174491742e-06
_
0.128945763310735
0.6026977183554685
0.04253265990621279
-2.1095023998753333
-0.05780363031494494
2.7111196357140397
1.001940398342431
0.00012714482230234374
-1.058343799831669e-06
_
0.12876488103641634
0.6039651299764344
0.04254821912646431
-2.1069056127346872
-0.05776295010121072
2.709789028743249
1.0016721773392283
0.00012907370346855137
-7.666739771332211e-07
_
0.1285844550859383
0.6052347415976381
0.04256331337635902
-2.104305249382097
-0.05772253962901966
2.7084559682030718
1.00140476004674
0.00013105880645420515
-6.246059055181257e-07
_
0.12840448052028544
0.6065065249183913
0.04257765469452131
-2.1017011533739645
-0.057683254658943924
2.707121250441996
1.0011396033100306
0.00013270985894244485
-9.953663008971228e-07
_
0.1282257486218739
0.6077800711829443
0.042592619989551724
-2.0990943856112505
-0.057643649892132345
2.7057868241411485
1.0008726849541854
0.00013395783155092922
-9.179950299504163e-07
_
0.12804762646770904
0.6090558579117262
0.042607228984609356
-2.096483772730193
-0.057603980637815425
2.704450591071171
1.0006070501126392
0.00013512531285057617
-8.75220106132971e-07
_
0.12787014737533556
0.6103337055479009
0.04262164650135804
-2.093870103364827
-0.05756414115775384
2.703112993256479
1.000342005808069
0.00013636776297107977
-8.920265678283047e-07
_
0.12769316194961225
0.6116136725510313
0.042636641476708134
-2.0912523148849953
-0.05752476084637766
2.7017747837087387
1.0000773638850555
0.00013846282416874934
-7.109068388992514e-07
_
0.1275168422619493
0.6128958350835411
0.042650708799302224
-2.088631385011112
-0.05748604009530719
2.700434351763401
0.9998132976156975
0.00013936912869945585
-8.985339776176709e-07
_
0.12734124884729675
0.6141800152513222
0.04266482918437312
-2.086007121977022
-0.05744724563272134
2.699093011357881
0.9995508083621275
0.00014122279736165143
-9.340136592893977e-07
_
0.12716625392957628
0.6154663917165006
0.042679306606398626
-2.0833795049868122
-0.05740849392116267
2.6977504316314995
0.9992875467154889
0.000141852339805195
-1.2435667934351233e-06
_
0.126991926558417
0.6167550470056732
0.04269327445610009
-2.0807483787333694
-0.05737027943526655
2.6964055678332026
0.9990250863112725
0.00014305686047722286
-1.075036136271236e-06
_
0.12681834053769525
0.6180458250678165
0.04270721680935674
-2.07811338397974
-0.05733210048077561
2.6950601807312995
0.9987634777914529
0.00014462258541422855
-1.0460409812220354e-06
_
0.12664556160813956
0.6193382980129531
0.04272131210279577
-2.0754751581525546
-0.05729368107368067
2.6937142677510093
0.9985016770060544
0.00014580344347725016
-9.399669293321104e-07
_
0.12647351714887506
0.6206332843669558
0.04273492176995912
-2.0728333910461534
-0.05725542103979053
2.692365951000736
0.9982407694219517
0.00014711023935397058
-8.528854974623505e-07
_
0.12630157314249968
0.621930519881661
0.04274856936937513
-2.0701879626674775
-0.05721738055688794
2.691016190000841
0.9979804736369821
0.00014839690214684886
-1.0068081429551433e-06
_
0.12613054917906233
0.6232298980027058
0.04276218082422153
-2.0675390667094256
-0.05717987903842294
2.6896649809143613
0.9977209488594849
0.0001491537168769039
-1.273772691798021e-06
_
0.1259603733650447
0.6245312557223122
0.04277602402635983
-2.0648866596189897
-0.057141823125355616
2.68831352912914
0.9974610053574184
0.00015089450964429822
-8.695928379493265e-07
_
0.12579083928526721
0.6258352148458742
0.04278895465666675
-2.0622304045229956
-0.05710504580673487
2.6869582637992093
0.9972035240540157
0.00015281417992301762
-8.555196434493388e-07
_
0.12562206669624493
0.6271407952227849
0.04280230578718719
-2.0595705696140545
-0.05706691103983436
2.6856057836672234
0.9969442771328554
0.00015511853864509715
-9.12837777960787e-07
_
0.12545376416819165
0.6284491541474726
0.04281526128592728
-2.056907148729089
-0.05703019230870797
2.684247213787371
0.9966864776342895
0.000156450111787321
-1.0845998931230871e-06
_
0.1252860847999356
0.6297597681626395
0.04282889535629042
-2.05424032832047
-0.056993495029221686
2.682888187424992
0.9964296010432693
0.00015867887425299095
-9.102786782895391e-07
_
0.12511899730813247
0.6310722594167373
0.04284183599493423
-2.0515691877590565
-0.05695740209605621
2.681529016230425
0.9961725704475071
0.00015917350997584828
-1.1148798416626251e-06
_
0.12495234578193078
0.6323871089508066
0.04285470248793375
-2.048894693275751
-0.05692014365767476
2.680169411267108
0.9959158733166497
0.00016076930442460315
-1.1223465056686583e-06
_
0.12478708621638866
0.6337042511672292
0.04286728485419935
-2.0462169542533286
-0.05688374502905155
2.678805401534184
0.9956602829911204
0.00016258554207708832
-9.300957662589666e-07
_
0.12462185843034669
0.6350236170267016
0.042880449840879784
-2.043534928026601
-0.05684752136491805
2.677441624262952
0.9954052009025763
0.00016477589272625973
-8.881152676851181e-07
_
0.12445737091281643
0.6363450488317629
0.04289282853336284
-2.0408489134830354
-0.056811324695187584
2.6760775774959864
0.9951498817319316
0.00016601648706434554
-1.0413521936086842e-06
_
0.1242937874434243
0.6376690244829577
0.04290545249274992
-2.038159475704283
-0.05677508243430644
2.6747099349096017
0.9948954889176037
0.00016783420593423658
-7.921230815548296e-07
_
0.12413122245402744
0.6389949572596133
0.042917592763375194
-2.035466307562565
-0.05673816109967984
2.673344064551122
0.9946401388908493
0.00016949133117249174
-8.207254743323868e-07
_
0.12396928243921593
0.6403233783761174
0.042929357263162285
-2.032768838605881
-0.05670118475019261
2.6719758606802144
0.9943858935153534
0.0001711200650308349
-1.1121368948029533e-06
_
0.12380840605033547
0.6416540970586755
0.04294086889417031
-2.030067907193425
-0.05666447982536574
2.6706047979296814
0.994132260480222
0.00017343662281518786
-1.090441426764736e-06
_
0.12364830216235956
0.6429871006751002
0.04295222021613076
-2.027363103538822
-0.05662765520182787
2.669232638196522
0.9938782704079349
0.00017516991566318433
-1.07656989618324e-06
_
0.12348910971831052
0.6443224513270583
0.04296296586384759
-2.024654594400221
-0.056590692775662754
2.667858347152734
0.9936245399036077
0.00017628808588379723
-1.0838829964552214e-06
_
0.12333090205960694
0.6456601473736077
0.04297333613843437
-2.02194206034098
-0.056553322443435375
2.666483079735207
0.9933717201623246
0.00017804200665573543
-1.0560362949706348e-06
_
0.12317344649933945
0.647000270009394
0.042983914339645865
-2.0192256948057414
-0.0565161510257371
2.6651053477655626
0.9931186269211898
0.00017971068970697374
-8.592868091862624e-07
_
0.123017041075311
0.6483427848098552
0.042993442055569965
-2.0165058671929086
-0.056478209252302985
2.6637268913380954
0.9928665732339386
0.00018082227735412515
-1.0526241719063437e-06
_
0.12286077225971449
0.6496876081186859
0.04300359821818783
-2.013781021902346
-0.05644161625923156
2.662345067824335
0.992614425690172
0.0001822204881458603
-9.992194040852043e-07
_
0.12270585829289318
0.6510347083752932
0.04301281402427512
-2.0110529090338995
-0.0564040662114761
2.6609645448125288
0.9923636349588542
0.000183268280722792
-1.2417610700888063e-06
_
0.12255088545151943
0.6523842425926167
0.043022983994856226
-2.0083202673789087
-0.0563672093670527
2.6595800241681125
0.9921114571197163
0.00018457709106068092
-1.0382526907594008e-06
_
0.12239681170912262
0.6537362537456098
0.04303254002725123
-2.005583868462027
-0.05633041769961555
2.658194428805535
0.9918609570531153
0.00018579052922861145
-1.012893330375091e-06
_
0.12224390892356088
0.6550904866413974
0.04304157450144553
-2.002843431473752
-0.056292898734442307
2.656809840713824
0.9916104752048822
0.0001862680644167796
-1.3151749362825008e-06
_
0.12209085247561123
0.6564476054309574
0.043050920050001
-2.0000988725313684
-0.056256919320463505
2.655418065771374
0.9913616463198364
0.00018784067487913315
-1.122943175703209e-06
_
0.12193793468936606
0.6578069504023684
0.04306067076974843
-1.9973500059932492
-0.056221445185456936
2.6540270921283393
0.9911130043325436
0.00018939899897108404
-1.16278994381411e-06
_
0.12178619461932687
0.6591685248630471
0.04307031050993851
-1.9945973736270264
-0.056185411890576416
2.652636090152386
0.9908639075399663
0.00019094309340233012
-1.0205374896337259e-06
_
0.12163468088044642
0.6605328891677908
0.04307983228040531
-1.9918404488450165
-0.05615017982214875
2.65124074759997
0.9906166218348488
0.00019243621554368177
-1.0906020715590354e-06
_
0.12148358398885074
0.6618995129195362
0.043090305777302766
-1.9890796236534742
-0.056114695507015144
2.6498454945743473
0.9903687163918458
0.00019421360327828515
-7.930134477258289e-07
_
0.12133310485261536
0.6632688413255738
0.043099751926825476
-1.9863146231485203
-0.05607976156566344
2.6484470661656085
0.9901217938494514
0.00019588045714269257
-5.381887539842956e-07
_
0.12118346102570118
0.6646404854703402
0.04310869787393873
-1.9835451794113037
-0.05604490386656229
2.6470485401606174
0.9898758067449538
0.00019810203982354986
-7.372457012157135e-07
_
0.12103435030689062
0.6660145985048306
0.0431181400733067
-1.9807715798162364
-0.05601006299178307
2.645648003456272
0.9896295775995877
0.0002000492473104013
-8.502272107254651e-07
_
0.12088558781237568
0.6673912818061837
0.04312812780046122
-1.97799359759872
-0.055975405154078506
2.6442455512000196
0.989383865868432
0.00020242073217391094
-7.447716322954611e-07
_
0.12073749702215004
0.6687702827485201
0.043137098618811306
-1.9752111743907919
-0.055941274250609054
2.6428421935011577
0.9891389942422684
0.00020410216153340192
-1.0381621061273548e-06
_
0.12059026190145378
0.6701517924198993
0.04314643425285721
-1.9724246590669132
-0.05590625930396509
2.6414381722343725
0.9888934552247398
0.0002061686823674171
-1.0591971106826491e-06
_
0.12044356421294962
0.6715362496210405
0.04315530231373746
-1.9696339356403012
-0.055872424758777545
2.640028800236183
0.9886494851737611
0.00020761436766724014
-1.1753278341443274e-06
_
0.12029723772520587
0.672923141533055
0.04316523833803985
-1.966838961639286
-0.0558385639360962
2.6386186854780025
0.9884057219046686
0.00020972082436531922
-7.787578929538304e-07
_
0.12015163461273944
0.6743123817391024
0.043173885147970346
-1.9640394836014268
-0.0558045935695106
2.637208692323221
0.9881619395401987
0.00021072320892674646
-1.0806798733445118e-06
_
0.12000765744431122
0.6757040438333808
0.04318221058841041
-1.9612354091534052
-0.05576888841708643
2.6358002291887734
0.9879174139000861
0.00021216805490428917
-1.2172949596691901e-06
_
0.11986364228031382
0.6770986874244583
0.043190873543592016
-1.9584269232823004
-0.05573435159243321
2.634384380886726
0.9876732184626034
0.0002139162422223141
-1.171911915889068e-06
_
0.11972137760717708
0.6784954833123767
0.04319888431361316
-1.9556150499545513
-0.05569796604194293
2.6329700882661746
0.9874288475457549
0.00021526683835612013
-9.78587562921895e-07
_
0.11957987618132618
0.6798950944786845
0.043205903586171754
-1.9527971014783019
-0.05566283983426802
2.63155187430567
0.9871853465233316
0.00021652018390263628
-9.422686552132356e-07
_
0.11943862775919159
0.6812975721304755
0.043213004339176964
-1.9499757268894975
-0.055627514552675346
2.630131312968055
0.986942688351623
0.0002176821334300643
-1.1512490518644236e-06
_
0.11929827832356235
0.6827024768563545
0.043220803634023204
-1.947149493753804
-0.05559195056329569
2.6287100150639766
0.9866997563815187
0.00021984298308539427
-8.012084945418371e-07
_
0.11915842906018287
0.6841104601902582
0.04322724376753865
-1.9443187045584414
-0.05555758544708608
2.6272843719798744
0.9864585656470936
0.00022155630614369983
-9.100970332748411e-07
_
0.11901939126057655
0.6855208422048258
0.04323448401504741
-1.9414835160339075
-0.055522491565940905
2.6258593038249467
0.9862172855388718
0.00022329789470895115
-9.665012507593128e-07
_
0.11888015986730044
0.6869338968545077
0.04324140591450247
-1.9386433605560804
-0.05548815835038625
2.6244313968797437
0.9859760462967807
0.0002249556594760662
-1.0865835006315706e-06
_
0.11874207629815442
0.6883497721022006
0.04324849510187594
-1.9357993397608193
-0.05545355177799733
2.6230027002655962
0.9857350929797911
0.00022514632296347523
-1.5730863967986833e-06
_
0.1186044743405272
0.6897680528424925
0.043255225972911565
-1.9329497176839092
-0.05541884556316215
2.6215711881267474
0.9854939448218399
0.00022633386198786702
-1.2964421237428413e-06
_
0.11846785890461359
0.6911892977577168
0.04326212443958647
-1.9300956165622798
-0.05538430660111665
2.620137555321714
0.9852536763744133
0.00022771700998865503
-1.0318041397263046e-06
_
0.11833143280576708
0.6926133410735608
0.04326832022616327
-1.9272371425384298
-0.055350125328142256
2.6187016801998673
0.9850155032997352
0.0002291041594807744
-1.6559033530689448e-06
_
0.11819526261548395
0.6940404166879154
0.043276219215709934
-1.9243740206959052
-0.05531641126645707
2.6172625649902543
0.9847753515303184
0.00023179859422815075
-8.710039921318684e-07
_
0.11805993305199032
0.6954699428857847
0.04328248918732986
-1.921505970259759
-0.05528286316463399
2.6158231597787043
0.9845369795531175
0.0002339042287081791
-8.934044636401812e-07
_
0.11792496347273188
0.6969021967000123
0.04328937406650513
-1.9186327301330186
-0.055249632751504546
2.6143818715808167
0.9842987404920388
0.0002351663249437461
-1.1279634865107136e-06
_
0.1177906355218459
0.6983374662961489
0.04329623335170602
-1.9157553478229632
-0.055216037509003786
2.6129381027224947
0.9840609408742278
0.00023769076144658987
-1.0052428174726043e-06
_
0.11765722469310237
0.6997751533599881
0.0433027482562596
-1.9128730876315316
-0.05518208125540873
2.6114936149391625
0.9838224872449041
0.00023961927030368219
-8.811273447905678e-07
_
0.11752420185492152
0.7012162263161567
0.04330915974727633
-1.9099853341963848
-0.05514920567969926
2.6100445850583043
0.9835858955698313
0.00024158098212941837
-9.364940327326811e-07
_
0.1173913695247708
0.7026598678239824
0.043316543534635106
-1.9070929097874294
-0.05511621862310693
2.608595117064211
0.9833489919989857
0.00024398193935076134
-8.108397398310993e-07
_
0.11725926288833269
0.7041063233762923
0.04332271370119834
-1.904195695088476
-0.05508347611290148
2.60714378766035
0.9831126509189458
0.000245986215582103
-9.215546593808061e-07
_
0.11712743677874535
0.7055557295236053
0.04332930266311948
-1.901293020326121
-0.05505136450410633
2.6056897799776113
0.9828773423523196
0.0002475657821489274
-1.1733419190392102e-06
_
0.1169963319591263
0.70700788599522
0.04333619428468028
-1.8983859314716687
-0.055018860893844605
2.6042347020809364
0.9826415368340801
0.0002489215144887364
-1.1799479384555593e-06
_
0.11686618903578765
0.7084629451845487
0.04334263575778274
-1.8954736064779796
-0.05498614595340866
2.60277780881644
0.9824053347163232
0.0002491233276662994
-1.3895279390442899e-06
_
0.11673622899957282
0.7099212572763948
0.04334899452188178
-1.8925562608833495
-0.05495395903240912
2.601316620062913
0.982170974547786
0.0002503280460510256
-1.3985290544528399e-06
_
0.11660699419551222
0.7113821252923211
0.04335557831023872
-1.8896337953776445
-0.05492126750944741
2.599855846083009
0.9819356448617789
0.00025146229061635724
-1.3938208852837227e-06
_
0.11647897043685827
0.7128458891482979
0.04336213206667118
-1.8867063980838754
-0.05488776412529592
2.598393383620569
0.9817000621027895
0.00025396097956873755
-8.834007096301252e-07
_
0.11635184112256386
0.7143126659794901
0.04336728816170384
-1.8837737098592262
-0.054854171567625946
2.59692786841591
0.9814645528218083
0.00025483756875034267
-1.064789592884891e-06
_
0.11622542415538181
0.7157825748630283
0.0433721199550795
-1.8808355214355206
-0.05482075656648853
2.595459785557717
0.9812301215908193
0.0002562234808516144
-1.1433963255371451e-06
_
0.11609979450182982
0.7172555974941771
0.04337786466764783
-1.877892629296973
-0.054786938807503405
2.5939888017985004
0.9809954717376166
0.00025866764547190983
-8.225489220153305e-07
_
0.11597463818542693
0.7187314680224529
0.043382142183703225
-1.8749439375543908
-0.05475395901595595
2.592516194026365
0.9807618380937148
0.0002601446920892019
-1.0945968703928877e-06
_
0.11584981552579443
0.7202108531352568
0.04338698543303595
-1.8719902863483626
-0.05472138769549414
2.5910393307893496
0.9805291282873805
0.0002618275969753513
-1.210181555849562e-06
_
0.11572554053956033
0.7216927284885576
0.04339221168963819
-1.8690312981126973
-0.05468859652109855
2.5895626994133285
0.9802955261702797
0.00026302832357028006
-1.2488827208594155e-06
_
0.1156021732435355
0.723177977101583
0.04339710061164577
-1.8660672984602527
-0.05465537757085181
2.5880827942088946
0.9800624337853158
0.00026495449569056517
-1.054293816149029e-06
_
0.1154790846935064
0.7246662446383016
0.0434017494978782
-1.8630972161724924
-0.054623059108489046
2.58660044700339
0.9798307347347137
0.0002662057858813751
-1.4088283679378942e-06
_
0.115356482806267
0.7261574895712969
0.04340675490861436
-1.8601220626025663
-0.05459036855406184
2.5851171463182108
0.9795978243251138
0.0002673956290996792
-1.3499734541060458e-06
_
0.11523483878306254
0.7276520198440044
0.04341123833199688
-1.8571416012466007
-0.0545576180604651
2.583630204452826
0.9793661648576291
0.00026918279827950573
-1.2038618845772585e-06
_
0.1151132888041678
0.729149878064424
0.04341583160515285
-1.8541553169155802
-0.05452578466822519
2.582140242755799
0.9791351511567039
0.0002704374499887273
-1.4467288047887098e-06
_
0.11499325003046017
0.7306505126848901
0.04342041241364718
-1.851164160960644
-0.05449267603513071
2.5806502647362377
0.9789034986829045
0.00027125187799170204
-1.3956618219167274e-06
_
0.11487326294499203
0.7321545320394365
0.04342460547561713
-1.8481668542831886
-0.05446014001486344
2.5791560511298495
0.9786723465882224
0.0002727909398710169
-1.2517272176105028e-06
_
0.11475379922824402
0.7336618174678219
0.04342968510036572
-1.8451642347833972
-0.05442747926932527
2.5776592530478304
0.9784407631272953
0.0002745557477756731
-6.930121600238702e-07
_
0.1146345629767227
0.7351725150704947
0.04343411923745431
-1.8421554873698753
-0.05439605533816682
2.5761594214564094
0.9782118594984628
0.0002768076426170139
-8.268529206143398e-07
_
0.11451617896409873
0.7366858999752467
0.04343791429959712
-1.8391413197892323
-0.05436370854605825
2.5746610639997205
0.9779813072931329
0.0002789684393914951
-9.808874670903187e-07
_
0.1143983231943337
0.7382031740541025
0.04344240809581914
-1.8361215801010216
-0.054332243482383254
2.5731559949760663
0.9777515072175774
0.00028032190779664215
-1.1392410821910042e-06
_
0.11428081739991541
0.7397235727028041
0.043446741914852954
-1.8330961581678447
-0.054300825578015514
2.5716492861674616
0.977522486762754
0.00028177048572129606
-1.1160237945030898e-06
_
0.11416404452720184
0.7412470052238281
0.043451090371485736
-1.8300644696869985
-0.05426909372609668
2.570142036208496
0.9772941167850607
0.00028429489256481
-1.1136457676673194e-06
_
0.11404746256705524
0.7427740029130092
0.043455609570435226
-1.8270271559965652
-0.054238191575897175
2.568630433270937
0.9770649705010318
0.0002855998148602281
-1.2049697889893144e-06
_
0.11393257406733225
0.7443037141512989
0.04345964356482056
-1.823984373950488
-0.054204923661001964
2.5671212225577467
0.9768352566211403
0.0002868061897941608
-1.2960089721490042e-06
_
0.11381809719985042
0.7458371392061613
0.04346344623153892
-1.820934936302981
-0.054172323804238566
2.565606157436307
0.976605033242431
0.00028774715783095597
-1.2039867935517817e-06
_
0.1137045343750119
0.7473741865755907
0.04346629070536873
-1.817880220456282
-0.0541399052535901
2.5640872082208497
0.9763769863239687
0.0002894100661397525
-1.1904626436161836e-06
_
0.11359121215075378
0.7489147713441051
0.04346941508021013
-1.8148193234123688
-0.054108044527544884
2.562565221400225
0.9761496901251783
0.00029189578710335073
-1.1962493354255335e-06
_
0.11347835947992643
0.7504584699720059
0.043472898315003866
-1.811752391151857
-0.054076049281047034
2.561042259046345
0.9759214204790034
0.00029365646156864674
-1.2044272922884068e-06
_
0.11336646084026562
0.7520055825972404
0.043476475075213475
-1.80867896116026
-0.05404363673778565
2.5595176450104495
0.9756925414747148
0.0002949278917760515
-1.0730278837377095e-06
_
0.11325496134024249
0.7535566480791898
0.04347888015369668
-1.8056003017714843
-0.0540120166143367
2.5579869804176667
0.9754662392990664
0.0002967622986044027
-1.2220413673573964e-06
_
0.11314381541529012
0.7551109566904081
0.04348206182493824
-1.8025148467061989
-0.05398045729625797
2.556455478450675
0.9752394613982308
0.0002989924551244917
-1.186665967374896e-06
_
0.11303311680014738
0.7566686346708387
0.043485313392424126
-1.7994233537276842
-0.05394890687497805
2.554922022203025
0.9750122814240519
0.0003000502238223742
-1.3869098207817973e-06
_
0.11292430202423472
0.7582296320039849
0.043487813770340375
-1.7963262000203823
-0.05391586545343226
2.5533875072297962
0.9747851435927444
0.000300826401696321
-1.4143378639597218e-06
_
0.11281517229960866
0.7597947224551124
0.043490278841896886
-1.793221921311545
-0.05388418309293195
2.551846043206809
0.9745585654120164
0.0003018200737617486
-1.3742026587744924e-06
_
0.11270651764140983
0.7613633959070355
0.043493219910194066
-1.7901112892292625
-0.05385289906071318
2.5503028844642404
0.974332534350974
0.000302891297046368
-1.27328220741778e-06
_
0.11259813611607293
0.7629354661793635
0.04349640486099876
-1.7869943888969142
-0.053821708080512384
2.54875795375569
0.9741069771910745
0.0003039732170286959
-1.1921334702023999e-06
_
0.11249023263159315
0.7645113263096216
0.04349984410704386
-1.7838718118455454
-0.053790446926164415
2.5472090117175807
0.9738818811877769
0.00030596716496361225
-6.999812066648744e-07
_
0.11238294447998572
0.7660905615107773
0.04350217239437047
-1.7807417118091886
-0.05375958640987714
2.5456596595327903
0.9736576461024349
0.00030812803930170394
-9.953697255886132e-07
_
0.1122767629982663
0.7676738646970594
0.04350473419537295
-1.7776070665871682
-0.05372785424534396
2.5441062584472975
0.9734315963917557
0.000309671861364594
-1.2211265879262236e-06
_
0.11217079594768309
0.7692606998710548
0.04350752567306864
-1.7744633214140717
-0.05369725804564393
2.5425490775261927
0.9732072396778074
0.00031113078539952966
-1.1832460469732414e-06
_
0.11206532525424998
0.7708512410401468
0.04351015284827887
-1.771313848597225
-0.0536665646271528
2.540989943805546
0.9729835648616987
0.00031337707084475274
-1.1763329211718517e-06
_
0.1119604143850419
0.7724452383966139
0.04351324795766822
-1.7681581334806864
-0.053634825900922695
2.539430309141673
0.9727577827320476
0.0003146545005050824
-1.1786126998329062e-06
_
0.11185688144582034
0.7740430423733278
0.043515662297972504
-1.7649953575012953
-0.053602615600146786
2.537866966545832
0.972533029629894
0.0003169350881971148
-8.101736564944464e-07
_
0.1117541019281929
0.7756446664227271
0.04351723899414166
-1.7618262913065188
-0.053570113235554266
2.5363005694515044
0.9723080498395813
0.00031940620725826307
-7.14350095837906e-07
_
0.11165193810704378
0.777250609628976
0.043518639407678916
-1.7586497270431658
-0.05353858638224645
2.5347285936909727
0.9720841258711856
0.0003212098616859382
-7.633417987252745e-07
_
0.11155004574317665
0.7788603739315604
0.04351989198906902
-1.7554663779974022
-0.05350754005014487
2.5331539380849986
0.971861694153641
0.0003236991008241398
-9.78276650837415e-07
_
0.1114484799456281
0.7804736959799777
0.043521882588709426
-1.752276317485547
-0.05347610466160078
2.531578437944249
0.9716370760662107
0.00032494826598665266
-1.173085772156113e-06
_
0.11134799695716696
0.7820911483045675
0.04352338092669998
-1.7490792427321658
-0.053444528792001206
2.5299987325836972
0.9714138813479859
0.0003269700971934388
-9.585551996421865e-07
_
0.11124843232353802
0.7837123678505781
0.04352399053751352
-1.7458771539390794
-0.05341154280312132
2.5284163750525934
0.9711901471392337
0.0003286190972684792
-1.0033543094792542e-06
_
0.11114897652418697
0.7853380000045954
0.04352593197406299
-1.742664952356394
-0.05338041721493814
2.526828974452543
0.9709669767926664
0.00033102096644601877
-7.426835371900201e-07
_
0.11104996408411573
0.7869673449101989
0.043526787074707134
-1.739446644134631
-0.05334956936832855
2.5252397677212044
0.9707451530007067
0.00033312034474241827
-8.11843000719194e-07
_
0.11095137192895146
0.7886007774202308
0.04352830629944455
-1.7362214273036878
-0.053318559847503506
2.523647831013401
0.9705227830448254
0.00033520696085970723
-9.373595759225923e-07
_
0.11085352261685232
0.7902378966474908
0.04352939490317214
-1.7329889064852841
-0.053287122963196716
2.5220534437134847
0.9703006882296624
0.0003370026926709354
-1.0607478289598132e-06
_
0.1107576567036684
0.7918789717315016
0.04352946691573323
-1.729750491133887
-0.05325338574130999
2.520458382942743
0.9700767343243782
0.00033793251041761815
-1.0814929695968005e-06
_
0.11066090894610654
0.7935254607583007
0.04353099616156259
-1.7265018083020747
-0.05322303575852503
2.5188515336019517
0.9698552101845351
0.00034012482972955023
-6.702403328414738e-07
_
0.11056446271009358
0.7951752179900505
0.043532059151904216
-1.7232469896687133
-0.05319277894525558
2.5172472523838105
0.9696341021289464
0.0003411995604329116
-1.0055368532425137e-06
_
0.11046836695618104
0.7968293958172032
0.043534104478614506
-1.7199851190350774
-0.05316222871342927
2.515638330727208
0.9694130823555501
0.00034337295589775965
-6.73885348456078e-07
_
0.11037326375670306
0.7984873425166671
0.043534569485794664
-1.7167156962328085
-0.05313150516092361
2.5140284612282477
0.9691921921922861
0.00034498632358286095
-9.89156101236644e-07
_
0.11027922068925894
0.8001493383365588
0.04353552019804071
-1.71343858193926
-0.05309921830761332
2.5124170019915972
0.9689695761661975
0.00034639583706327595
-1.0900946868744484e-06
_
0.11018605467367834
0.8018162044052463
0.04353604403741246
-1.710153970158936
-0.05306725632184839
2.5107985338741976
0.9687478228932361
0.0003478497058649904
-1.041766071904036e-06
_
0.1100933793907506
0.8034872583062002
0.043536273794265425
-1.7068608322857706
-0.05303608983669109
2.5091771460213894
0.9685270270015156
0.0003489859485197383
-1.1043116220592802e-06
_
0.11000141731696655
0.805162471299105
0.043536096938578836
-1.7035614659537888
-0.05300403723248101
2.5075531296835996
0.9683061154963549
0.00035030719969640845
-1.0739818370197963e-06
_
0.10991006751426216
0.8068422310150205
0.043535928123886125
-1.7002535901775984
-0.05297227327271896
2.5059247871804096
0.9680855235355381
0.0003518374109279065
-1.1376271525135685e-06
_
0.10981899728358302
0.8085266291848752
0.043536378049289705
-1.69693663838488
-0.05294140571135687
2.504292265217671
0.9678650281138861
0.0003531779043754549
-1.168092856947056e-06
_
0.10972828223420865
0.8102153772232934
0.043536569603448684
-1.6936127258108493
-0.05291053036431015
2.5026568827962627
0.9676457093979731
0.0003551647162940861
-1.1838868208101606e-06
_
0.10963808576191937
0.8119085142199062
0.04353738622627488
-1.6902805991688858
-0.05287971582744099
2.5010179923576117
0.9674253236965987
0.0003572513107522878
-9.428526860305888e-07
_
0.10954871438638741
0.8136059218273068
0.0435370634059346
-1.6869418058011252
-0.052848168958293265
2.499376490438709
0.9672054053505585
0.0003584932459957938
-1.0833523462927164e-06
_
0.10946013199641295
0.8153082091102731
0.0435369440236787
-1.6835935958515609
-0.0528167171404554
2.4977306011451366
0.9669855036534164
0.000360287126873991
-1.0890023214663693e-06
_
0.1093721451788023
0.8170149465354893
0.04353716500213243
-1.6802364157650251
-0.052785747475797375
2.4960811888416177
0.9667656259698797
0.0003612469275050629
-1.000130316223924e-06
_
0.10928468241922085
0.8187264008000877
0.043536820818726445
-1.6768725292367175
-0.05275431967856646
2.4944283121553137
0.966546330897667
0.0003618402365145734
-1.0834260155005521e-06
_
0.1091973033244812
0.8204427473738337
0.043536684217834354
-1.6734994058419614
-0.052724112283090326
2.4927698053701275
0.9663277701207174
0.00036235388225779497
-1.254406163126559e-06
_
0.10911039889129438
0.8221635039936533
0.043537331196474016
-1.670116907922257
-0.052693973651063146
2.4911095726353274
0.9661091582177032
0.0003636531662370752
-1.0711696064929995e-06
_
0.10902447312752687
0.8238886494067378
0.04353721583567015
-1.6667274854148302
-0.0526626189504011
2.4894471651972485
0.9658899810976623
0.0003650118313320679
-9.204486969462394e-07
_
0.10893901416241798
0.8256188879576439
0.043536820925111394
-1.6633292422690653
-0.052631521104100014
2.4877796233756326
0.9656717834483068
0.00036725090567450616
-9.967420236024693e-07
_
0.10885451028044307
0.8273541405753387
0.04353661849746224
-1.6599227896518491
-0.05260035865359019
2.4861074780997026
0.9654524980276742
0.00036821601739172075
-1.13595643164461e-06
_
0.10877058836031335
0.8290939150234214
0.04353604408723233
-1.6565068252522588
-0.05256892812297312
2.484432434867339
0.965233556444543
0.00036967427736751026
-1.036846253644673e-06
_
0.1086878644357982
0.8308385929400213
0.043534582002268014
-1.6530824971563711
-0.052537166788457455
2.4827536338058973
0.9650157344824253
0.00037206776361316707
-9.691487109072371e-07
