_
0.13310412263063645
0.5156369534779333
0.05023362946825886
-2.2908109461921073
-0.07506092186547217
2.805028047794509
1.0330895006294591
-7.842525870427938e-09
6.291922526758165e-07
_
0.11395621285395745
0.6379902233308172
0.05245438331174058
-2.0380114411491532
-0.06940281623439849
2.6743723231148606
1.0035015446844013
1.5689526771724137e-07
4.1770878593436595e-07
_
0.10255184672376533
0.7840286009898013
0.05266672713833158
-1.7457604464882062
-0.06462703950590984
2.5281061492029098
0.9781365691042601
4.5875922299440344e-07
6.937939241213581e-08
