_
0.17877117430674158
0.3965904289334052
0.03554822468003594
-2.549746453028042
-0.07058905779486814
2.9456349207760955
1.0662140491142758
5.192677143193827e-07
5.414479368156485e-07
_
0.16296248606710223
0.43872555484986053
0.038996479678487884
-2.4557596141462716
-0.0675548234746718
2.8936495148260075
1.049174207654703
5.862500160702045e-07
4.430242267741929e-07
_
0.15009577755720732
0.4837355458801651
0.04119235239414394
-2.3582191745868224
-0.06475325340720486
2.8410116513856543
1.0338346530328777
6.871446879192121e-07
3.071587597461648e-07
_
0.1394918671462971
0.531715599125595
0.0425517131814746
-2.2566091916953606
-0.06222552460947868
2.7872979505474627
1.019954764821039
8.033916671822147e-07
1.5358933765935468e-07
_
0.13069275770483899
0.5829006722798372
0.04334271030653192
-2.1502343076250394
-0.059948513179660344
2.73204525925592
1.007296120379312
9.334383202436986e-07
-9.97521701456635e-11
_
0.12338616975051422
0.6376915328373317
0.04373654363238227
-2.0381500756675544
-0.05787956283331701
2.6747074999751765
0.9956428312288685
1.148504239543629e-06
-1.150064220868162e-12
_
0.117360502243056
0.6967117542476433
0.04384863543873059
-1.919040055893105
-0.05597338493334833
2.6145927951202714
0.9848018191321065
1.427565253010418e-06
-1.3259337702513719e-14
_
0.11247899753673578
0.760919489765492
0.04375278068484858
-1.7910022631869924
-0.05418585791907203
2.550758753537747
0.974597303314858
1.7127885406392823e-06
-1.5286977874743736e-16
_
0.10866782708987499
0.8318345650075896
0.043500139175313826
-1.6511239953652446
-0.05247826442721473
2.4818081507945804
0.964862993495228
2.726789898894561e-06
-2.3233789472854012e-07
