_
0.22329628372887014
0.3235385023518342
0.021995274091036018
-2.722718083051394
-0.07327165512698616
3.0458963065802136
1.1024833840870198
-4.52722370717516e-07
1.2021413893037649e-06
_
0.22238976389543802
0.32469618157466074
0.022290353826688165
-2.719827157938733
-0.07318912845855832
3.0441587155835426
1.1017529081906114
-4.855016520269382e-07
1.556098581564761e-06
_
0.22149008260821162
0.32585765075756634
0.022582049295827366
-2.7169332068775613
-0.07310392216185092
3.042421676481873
1.1010235510967155
-8.683115357088121e-07
1.5817453102440415e-06
_
0.22059753544639468
0.32702295631152367
0.022871071297636575
-2.714036316040861
-0.07301727333392656
3.0406838449693123
1.100296482310859
-8.339168101541737e-07
2.1357432187941294e-06
_
0.21971217474673851
0.3281920471116322
0.023155771209908218
-2.7111362897297777
-0.07292944277389266
3.038946595704127
1.0995719190396835
-8.23106758410256e-07
2.5433097829070126e-06
_
0.21883288306714685
0.3293648516888835
0.023437041008662594
-2.708233158598191
-0.07283852417489169
3.037212279545689
1.0988473556018419
-1.0466948325880833e-06
2.6686139295123666e-06
_
0.21796319848182064
0.3305412764366274
0.023713601156333884
-2.705326983059707
-0.07274720511262976
3.0354775817167536
1.0981255418659612
-1.0466836264170769e-06
2.708233572345938e-06
_
0.21709987696089372
0.33172156069624986
0.023986363379678726
-2.7024176593202527
-0.07265387832441575
3.0337419637376577
1.0974070131447964
-1.2348702341821168e-06
2.484119921914527e-06
_
0.21624491513340963
0.3329054260166844
0.024256172841229325
-2.699505437171273
-0.07256123994597219
3.032007454938867
1.0966903763187092
-1.1735684639284173e-06
2.789009666428611e-06
_
0.21539555097024426
0.3340931528622224
0.024522150702676288
-2.6965898459328472
-0.07246650411262995
3.030273586562709
1.0959754992303732
-1.1079519945662906e-06
3.2183559488656082e-06
_
0.21455400894233065
0.3352843357234415
0.02478454042316799
-2.693671291283495
-0.07237062804945958
3.0285420494226742
1.095262388853429
-9.972582164408902e-07
3.437975064361714e-06
_
0.2137188077812539
0.33647931479236476
0.025043794515307846
-2.690749638353143
-0.07227357265909705
3.0268088857078115
1.0945518950863855
-1.0718134441472257e-06
3.3704382453939843e-06
_
0.212890048297896
0.33767792885700143
0.025299216975114287
-2.687824839007647
-0.07217554436898248
3.0250762024554154
1.0938443762794503
-1.295717817538928e-06
2.390594323785597e-06
_
0.21206968400504822
0.33888011028921833
0.025551090165534664
-2.6848969203549573
-0.07207810449390673
3.0233450521533523
1.0931379231603324
-1.2643291075574632e-06
2.576345212751723e-06
_
0.2112557794525047
0.34008591532872795
0.025799613358504357
-2.681965811710615
-0.07197939636924731
3.0216138895046734
1.0924344910370676
-1.2857262918645354e-06
3.2450564002861594e-06
_
0.21044684673430386
0.34129537331584087
0.026044964662774665
-2.679031686353714
-0.07187910815202202
3.019883036977669
1.091733640761181
-1.3364644070301694e-06
2.9741491031561704e-06
_
0.2096455836141523
0.34250837701197195
0.026287456188244657
-2.6760943863750475
-0.07177923969836751
3.0181526486836696
1.091034909665916
-1.3544341364424443e-06
3.371805133275328e-06
_
0.20885018431564525
0.34372494098438067
0.026525306280828716
-2.6731537924278985
-0.07167817448957177
3.0164229975233314
1.0903394131198239
-1.3666930798040689e-06
2.7168241464419946e-06
_
0.2080619856707498
0.3449450989283542
0.026760988375649948
-2.670210123483469
-0.07157745712180089
3.014693629331538
1.089644921035963
-1.4649752343936398e-06
3.2404502023498815e-06
_
0.20727976122113506
0.34616891644669306
0.026993224847386237
-2.667263260692521
-0.07147623522603058
3.0129633395405238
1.0889544950067485
-1.3047509734518416e-06
3.5879790777039195e-06
_
0.2065025323859947
0.3473958991524964
0.027222979200611626
-2.6643133628463964
-0.0713732226679289
3.011237767266987
1.0882639798707523
-1.385900808300522e-06
3.6381629153254504e-06
_
0.20573353011386414
0.34862671926798927
0.02744851131366322
-2.6613601995160745
-0.07127112174347834
3.0095079999702796
1.0875781011754366
-1.4003347831486043e-06
4.017458524894092e-06
_
0.20496938275107182
0.34986105957160346
0.027671369609913524
-2.658403810988632
-0.07116856018128015
3.0077791687143547
1.0868945218021564
-1.5407665882190153e-06
4.218312214824921e-06
_
0.20421075910929748
0.35109883047594576
0.027892494724641146
-2.655444336740763
-0.07106530100122473
3.0060525470259782
1.0862122206199336
-1.4185307018128094e-06
4.376363438825606e-06
_
0.20345855000173219
0.35234009978061326
0.02810860486684701
-2.6524815497476646
-0.07096221549228465
3.0043239806012965
1.085534912707436
-1.328559417790534e-06
3.852405955957887e-06
_
0.20271249392316582
0.3535846606027601
0.028322916234724955
-2.6495156721508706
-0.07085886913433508
3.0025994216961687
1.0848570579567018
-1.2113185875628692e-06
4.293586796608596e-06
_
0.20197224341207606
0.35483296412971654
0.028534012506110894
-2.646546453281401
-0.0707551776552925
3.0008714870196043
1.0841836774012859
-1.0285618376739006e-06
4.022013991809889e-06
_
0.20123741333770587
0.35608448466357917
0.028742547169040993
-2.6435741265545256
-0.07065115320306771
2.999145977135608
1.0835112806513307
-1.3670329832373773e-06
3.994388737819533e-06
_
0.20050809745883605
0.35733964299715726
0.028948762368493773
-2.640598573436766
-0.07054667624225155
2.9974201243133978
1.0828414470891983
-1.32944646800704e-06
4.207485232514719e-06
_
0.1997848756145723
0.35859832693516314
0.029150636346324883
-2.6376196290378
-0.07044301316672197
2.995692278328964
1.0821761644518761
-1.216880835947052e-06
4.25072701150628e-06
_
0.19906584796182275
0.3598601928973005
0.02935096113899585
-2.6346376624683465
-0.07033857545910338
2.993967266659536
1.081511487355435
-1.4405174133126521e-06
3.5718935543474633e-06
_
0.19835523560159973
0.3611254539078133
0.029548118137730582
-2.63165228405088
-0.07023498564344773
2.992243195005475
1.0808491463043184
-1.3189378201316174e-06
4.299156357497569e-06
_
0.19764736947676365
0.36239422232694457
0.029742751179402775
-2.6286637625811675
-0.0701296278392054
2.9905178794074647
1.0801889970807796
-1.5139034658362085e-06
4.232834990629188e-06
_
0.19694626035699356
0.36366640857920624
0.029934329972440454
-2.6256719951608645
-0.07002483812626199
2.988792392219629
1.0795321593783795
-1.5765902839291738e-06
3.891558109575229e-06
_
0.19625043029341468
0.36494185918781813
0.03012326054628895
-2.622676732027539
-0.06991951558033405
2.9870685784029933
1.0788775359035412
-1.7698527983055653e-06
2.6489429125705076e-06
_
0.19556015510387945
0.36622091165388515
0.03030985875406094
-2.6196783589338786
-0.0698155172392229
2.985341986659863
1.0782254163029537
-1.6897006387973092e-06
2.4745165442066566e-06
_
0.19487428591483066
0.36750311343827574
0.03049436497992126
-2.616676688502601
-0.0697104364682223
2.983619012369599
1.0775747122803376
-1.532519871084319e-06
2.8824590666897536e-06
_
0.19419413865926646
0.368788811749699
0.030675428616688642
-2.6136716726264195
-0.06960551804717818
2.9818938802951163
1.0769273920676026
-1.6210102302494115e-06
2.971012469877328e-06
_
0.19351857255217492
0.3700778525400494
0.030854557608935722
-2.6106633724867283
-0.06950066308896752
2.980168961062161
1.0762823211546821
-1.6969967303708757e-06
2.9665250087958425e-06
_
0.19284869385231773
0.3713702081884843
0.031030846007312762
-2.6076517752910267
-0.06939607057816669
2.978444569269873
1.0756403286374863
-1.6060281082710972e-06
2.7369386419544785e-06
_
0.1921838199754506
0.3726659395295421
0.03120502426108396
-2.6046367905727266
-0.06929184951096075
2.9767201221693536
1.0750005595537835
-1.4350796526762435e-06
2.9417984288433074e-06
_
0.1915229076235574
0.37396513617724036
0.03137693742964218
-2.601618495528377
-0.06918788959175823
2.9749942177791855
1.0743645207893973
-1.0191941749215292e-06
2.804139214210773e-06
_
0.1908670084871177
0.3752672912481711
0.03154690395980304
-2.598596898163593
-0.0690838733170751
2.973271889654441
1.0737279983591501
-1.3762279212737683e-06
2.825174404758815e-06
_
0.19021646492665398
0.3765730159458723
0.03171384898048339
-2.5955719199290965
-0.06897975669672515
2.9715469945285298
1.0730956405314291
-1.350162954525729e-06
2.7929167940136128e-06
_
0.1895707831415786
0.37788199779302606
0.03187863563696038
-2.592543562698503
-0.06887601870715405
2.9698225411709673
1.0724654123280815
-1.435085843118065e-06
2.8107191607476998e-06
_
0.18892938613566784
0.3791942963034438
0.03204150238382138
-2.5895118556893797
-0.06877221177373032
2.968097929700096
1.0718375683199117
-1.5082922105275098e-06
2.4959563209368043e-06
_
0.1882929891775241
0.3805098469152398
0.032202157603592296
-2.5864767660927606
-0.06866864665076439
2.966374129603677
1.0712113079939964
-1.5773388133238626e-06
2.7842149452806723e-06
_
0.18766106850706166
0.38182873439527704
0.03236029841843973
-2.5834382881366507
-0.06856498672226302
2.9646493509283207
1.0705884104035053
-1.4343016295710303e-06
2.877754447602527e-06
_
0.18703379455820623
0.3831509490408395
0.032515829305195476
-2.5803964293636352
-0.06846183103277838
2.962924159758979
1.0699682547121523
-1.475827048321401e-06
2.379505533446321e-06
_
0.18641160431079207
0.384476434206882
0.03267021959490559
-2.577351262240867
-0.06835904024860931
2.961199452160451
1.0693499297240248
-1.2493791860054195e-06
2.509526238300389e-06
_
0.18579260685977145
0.3858050148569571
0.032821732290467955
-2.5743023283931294
-0.06825573050534657
2.959475719623625
1.0687333097450509
-1.3233220842854249e-06
2.297398426232307e-06
_
0.18517975839598894
0.3871370867375859
0.03297124517523004
-2.571250212818578
-0.06815387495970097
2.9577490783030043
1.0681204076938824
-1.4544782755358486e-06
2.0449976521580803e-06
_
0.1845701472672993
0.38847231703978774
0.03311892315683813
-2.5681945184963335
-0.06805172131134161
2.956024069035944
1.0675091775321996
-1.5030682176635318e-06
1.9647265911725296e-06
_
0.1839642142893797
0.3898108800363203
0.03326470992112765
-2.5651354510261855
-0.06794942477950239
2.9542986320121085
1.066901023611313
-1.0961963983333793e-06
1.6136314470969661e-06
_
0.18336392070546143
0.3911525565952239
0.033408683677457356
-2.562072945473843
-0.06784835928478994
2.9525734671539046
1.066294203029965
-1.3354968951902337e-06
1.4622604150746823e-06
_
0.18276740928528715
0.3924975581091595
0.03355044212073503
-2.5590069294988673
-0.06774706923367343
2.9508475954799827
1.0656903027882099
-1.3746542180896905e-06
1.3212796186455847e-06
_
0.1821749066973667
0.3938458066684381
0.033690410591376486
-2.5559374112568842
-0.06764610247565453
2.949121492353618
1.0650884477234792
-1.5204240368894937e-06
1.0172120863252469e-06
_
0.18158658325444216
0.3951973884377941
0.03382790892817442
-2.552864333885102
-0.0675454967162465
2.9473942544710012
1.0644895677434703
-1.6206421426513027e-06
6.415925006833396e-07
_
0.18100283741273354
0.3965520210629392
0.033964080983822205
-2.549787868821171
-0.06744547843872893
2.9456683035987803
1.063892613234049
-1.4968840833040221e-06
4.3728452988787156e-07
_
0.1804222683646208
0.39790998883967943
0.03409842833636482
-2.5467079011154863
-0.06734506891460262
2.943941980953325
1.0632978513557299
-1.3518253755839836e-06
-4.681354866540484e-08
_
0.17984651559865786
0.3992711129191031
0.03423115561146033
-2.543624268765801
-0.06724559508974018
2.9422151312386045
1.062705114459438
-1.5291081249239191e-06
-4.571614741978897e-09
_
0.17927454686151625
0.4006355600829452
0.03436129892335517
-2.540537041845052
-0.06714586208356049
2.940487915174847
1.0621149214622463
-1.4477586297731716e-06
-1.1512399427685289e-08
_
0.1787071425552552
0.4020032229102585
0.03449003553162371
-2.53744640276816
-0.06704742055710203
2.938759253282189
1.0615281445017952
-1.2772277842019219e-06
-3.336829160272995e-08
_
0.17814197960034808
0.4033738802832763
0.034617037318132156
-2.5343519920412834
-0.06694671640089338
2.9370355978172196
1.0609408599889274
-1.2304799514248932e-06
-5.199224894309398e-07
_
0.17758345187025915
0.40474814800398623
0.0347420602363793
-2.5312543161709717
-0.06685004819104882
2.9353022074196002
1.0603589717919206
-1.2719915715682213e-06
-6.280299333632413e-08
_
0.17702629029266087
0.40612511897119646
0.03486588724604014
-2.52815288699703
-0.06675108132801931
2.933576710967522
1.059776967552452
-1.0423778752669946e-06
-8.410609238561551e-08
_
0.17647408597769887
0.4075056825724492
0.03498790497089968
-2.525047922611376
-0.06665404245984445
2.9318452047779306
1.0591988094055735
-1.3150880469084949e-06
-5.657067263397279e-08
_
0.17592458192799562
0.4088892743800498
0.03510806300827383
-2.5219391034709484
-0.06655544746380843
2.9301192028774152
1.0586220556917272
-8.475043465098481e-07
-6.114855014080431e-07
_
0.1753806971195836
0.41027597555319945
0.03522661785170052
-2.518826862130853
-0.06645824291192626
2.928389998444365
1.0580453252415085
-1.0133539548547693e-06
-1.3486369587146777e-07
_
0.17484019646130577
0.4116660964332553
0.035342769528367554
-2.5157110013915585
-0.06636130165943584
2.9266575404904156
1.057473708962599
-1.0116938404031397e-06
1.4790246006221154e-08
_
0.17430308612678827
0.41305918814510884
0.03545827416416728
-2.512591408255976
-0.06626392325911758
2.9249287750879356
1.0569018733329756
-1.3216048239042646e-06
9.230027154575806e-10
_
0.1737697322867201
0.4144557679322989
0.03557155704108701
-2.509468135791137
-0.06616746721383378
2.9231959841116844
1.0563348039190519
-1.1285495448141069e-06
-2.6150470836107414e-08
_
0.17323964141708034
0.4158551817945111
0.03568374080873509
-2.5063411754217206
-0.06607057299167772
2.921466873971082
1.0557670478681642
-1.0906140166399038e-06
-3.5535707048761887e-09
_
0.17271350359948862
0.4172580039318284
0.03579400491691826
-2.503210562883456
-0.06597399614321153
2.919734456143968
1.0552024022964834
-1.147731493276386e-06
-3.7001786639875496e-09
_
0.1721912381154951
0.41866387802703603
0.03590256024867527
-2.500076199468494
-0.06587740257571179
2.9180032184170273
1.0546395338837693
-1.079994782303802e-06
-8.484548223656083e-09
_
0.1716721812503304
0.42007296632933755
0.03600974071495117
-2.4969382795718076
-0.06578054240069596
2.9162708124768506
1.0540783423576074
-1.1618788759787425e-06
1.3834771838241535e-08
_
0.1711576401743088
0.4214851749283746
0.036114630845547765
-2.493796370130858
-0.0656838258611655
2.914539459276216
1.05351824107854
-1.2285058131319573e-06
-3.228847548756973e-09
_
0.17064735125306274
0.422900764029525
0.036218044082474726
-2.4906507630914834
-0.06558796140184595
2.912804071566135
1.0529620855984343
-1.1746876271521947e-06
-3.5978350297231205e-08
_
0.17013884718472203
0.4243193984717939
0.03632014677885767
-2.4875013967453525
-0.06549093586881401
2.9110716607364626
1.0524063694220152
-8.596115523301107e-07
-1.3122436255214512e-07
_
0.16963529820001524
0.4257411782999143
0.036420718793601974
-2.484348386632646
-0.06539510822470705
2.9093365067818673
1.0518530312839822
-9.869786898294336e-07
-7.588422974029588e-08
_
0.16913482123593757
0.42716621804283833
0.036519502324038985
-2.4811914398907438
-0.06529927933088511
2.9076011587604103
1.0513019706999254
-9.012075201863248e-07
-4.386710129155878e-08
_
0.16863731559417866
0.42859448018469176
0.03661666873375025
-2.4780306673942976
-0.06520334301979257
2.9058654867064115
1.0507539128154924
-1.0481722843485882e-06
-7.743777455652779e-07
_
0.16814360633664704
0.430026153480974
0.03671326481608368
-2.4748661516457653
-0.0651094641955679
2.9041260899972547
1.0502069980376518
-6.662507267311247e-07
-3.627604818817946e-07
_
0.16765258650152387
0.43146085880614227
0.03680811062250146
-2.4716976686133765
-0.0650157460781954
2.902387725922967
1.0496640764007683
-8.268110805846043e-07
-5.047470506465423e-07
_
0.16716474611063445
0.4328982956720452
0.03690235740794719
-2.468525518525648
-0.06492130888519144
2.900652654900609
1.0491188883675462
-8.051595964501735e-07
-2.1225768037326074e-07
_
0.16668111892170218
0.4343393710746674
0.03699407213258362
-2.4653492996142403
-0.0648274351228549
2.898913195002674
1.0485790997588103
-9.457523549885661e-07
-6.624538686703957e-07
_
0.16620042189543655
0.4357834041027687
0.0370849003625467
-2.4621693538772726
-0.06473412437370774
2.897173244095479
1.0480393819921687
-9.74967209814905e-07
-1.1892811265419552e-07
_
0.16572270710043333
0.43723113945144443
0.037174605858115065
-2.458985404615375
-0.064642241895411
2.8954292379857542
1.0475047368517933
-7.771841918825508e-07
-7.413042641629704e-08
_
0.16524750885705175
0.43868142989068964
0.037263273693884755
-2.4557976002149298
-0.06455026309120973
2.893689668390555
1.0469703204642704
-7.828142992668861e-07
-4.865868127421993e-08
_
0.16477481750428286
0.4401350350011286
0.03735136896589022
-2.4526058522214784
-0.06445771182276562
2.891948992285749
1.0464366213743257
-1.096277680810944e-06
-1.328498537831886e-07
_
0.16430599515361202
0.4415918835364499
0.03743767737533962
-2.44941014280055
-0.06436569839705186
2.890207216238451
1.0459052208922754
-1.0476277362485904e-06
-1.4157073572702639e-08
_
0.16384022636001455
0.44305202492572465
0.037522000449615706
-2.446210488011614
-0.06427424882692837
2.888463271818842
1.045377001196502
-1.0783238035877038e-06
-1.467289153898861e-07
_
0.16337859562406468
0.4445154664371126
0.03760521511061485
-2.4430067045239645
-0.06418474987815587
2.886716723737926
1.0448519973127075
-8.973142911003565e-07
-7.376227404877754e-09
_
0.16291697862635215
0.4459818460016103
0.037688378058503176
-2.439798950486754
-0.06409323637624062
2.8849744187123294
1.0443276192235242
-8.701591519418582e-07
-6.968584125644647e-07
_
0.16245985512705827
0.4474514942198439
0.037770193099893296
-2.436587349306255
-0.06400405199280372
2.883228050027905
1.0438041012438217
-6.700983107595148e-07
-3.5453724598762756e-07
_
0.16200560258001886
0.44892437032754545
0.03785063119787731
-2.4333716115622255
-0.06391472392387615
2.881481282130691
1.0432832465111306
-9.77231785892593e-07
-2.7191078987957834e-07
_
0.1615547712238082
0.4504003314088978
0.03793035382897295
-2.4301518559718627
-0.0638254926185339
2.8797346730624898
1.0427639774774817
-9.490306852134407e-07
-1.0051479229954233e-07
_
0.16110645319255157
0.4518795853249262
0.03800846733804629
-2.4269279416378873
-0.06373664380721565
2.8779864275840823
1.0422466483062724
-9.985991335773472e-07
1.616759719882717e-09
_
0.16066099216356539
0.453362111090844
0.038085288915365584
-2.4236999751011603
-0.06364849306076678
2.8762363677093226
1.0417321424691368
-1.007332550168532e-06
-2.894724282852123e-08
_
0.1602184504567108
0.45484793325543443
0.0381609846920333
-2.420467854205164
-0.06356165246127579
2.8744845364035068
1.0412207088885574
-9.873842441380006e-07
-1.587845083365008e-07
_
0.15977729415049316
0.4563367112583094
0.038236551191330695
-2.41723168703229
-0.06347414170662818
2.872735153830078
1.0407090242341466
-9.794859440248932e-07
-2.7466037668313465e-07
_
0.1593399904703018
0.45782869137862403
0.038311171897257294
-2.4139913164929148
-0.06338713945991167
2.8709842895618305
1.04019912045869
-1.0004002752866536e-06
-1.5027670887960556e-07
_
0.1589056747514065
0.45932401252924004
0.03838375041439727
-2.41074678701424
-0.0633007471300484
2.8692312617435
1.0396918571950924
-1.0165487576840887e-06
-1.2035696901242824e-07
_
0.15847349414465625
0.4608225143707135
0.038455466118155916
-2.4074980784462348
-0.06321425647886053
2.867477845697136
1.0391869637998505
-1.0460469311292855e-06
-4.7415154845118284e-07
_
0.15804491483067365
0.4623245077148629
0.03852636605345621
-2.404245150491693
-0.06313016758526797
2.865720181977138
1.0386845160477383
-7.673310652840986e-07
-1.9144789617122191e-07
_
0.15761746964059747
0.4638293191307597
0.03859732027357592
-2.4009880582616168
-0.06304496491956285
2.8639662306492375
1.038182537031719
-7.49658089733382e-07
-2.156962346262158e-07
_
0.15719289183560348
0.46533757239215523
0.03866682259553296
-2.397726693714419
-0.06296061842431795
2.8622091577387874
1.0376825852440101
-8.907644209078012e-07
-2.5978604298992705e-07
_
0.1567716680571644
0.4668489457710711
0.038735373751690776
-2.3944610942655813
-0.06287703623074041
2.8604514043519687
1.037184944586461
-1.1125559301404272e-06
-1.8611775664626273e-07
_
0.15635259108253657
0.46836351383417224
0.0388026215025942
-2.3911911786088353
-0.06279303522890174
2.8586937583263308
1.0366884503432874
-9.397703799811627e-07
-1.4131863358926445e-07
_
0.15593533858811645
0.4698813390142412
0.038869242325066104
-2.3879169471750794
-0.06270807427726847
2.8569369428446674
1.036193630468996
-6.833619261263088e-07
-9.586426881412437e-07
_
0.15552248634669746
0.47140253134652965
0.03893430752570437
-2.384638581194259
-0.06262581094001413
2.8551740117903917
1.0357012931575136
-2.584847486827411e-07
-4.833752760148743e-07
_
0.15511125991039712
0.4729269409339507
0.03899895719483269
-2.381355719114867
-0.06254333240628493
2.8534119244310707
1.0352105186978091
9.178683941730883e-08
-4.1508002307024377e-07
_
0.1547023088113619
0.47445463246907227
0.03906305986747693
-2.3780684437191133
-0.0624614662921353
2.851648872347844
1.0347213710393646
-2.06475295038158e-07
-5.14409602231997e-07
_
0.15429594061378818
0.4759855181940339
0.039125860311441066
-2.3747769022087715
-0.0623799160677762
2.849884712484752
1.0342343681698491
1.4041002385716098e-07
-4.248579071227357e-07
_
0.15389161166924958
0.47751966201009055
0.03918871772601263
-2.3714810507168544
-0.062298530263592486
2.848119453060021
1.03374844020204
-5.780831298424359e-07
-5.529174974764617e-07
_
0.1534900759038994
0.47905698612175257
0.03924971715605136
-2.3681804632784393
-0.06221715575760441
2.8463552315406875
1.0332641470903017
-2.4261497114563695e-07
-6.020953079451984e-07
_
0.15309201558869448
0.4805978238259823
0.03930970980076462
-2.3648756307305043
-0.06213753937518216
2.844585394972756
1.0327825904866221
-6.259148721946584e-07
-3.689953782718537e-07
_
0.1526948933172341
0.48214161174646436
0.03936966539231427
-2.3615663193569003
-0.06205641289166229
2.842819240272132
1.0323011200640473
-3.53859226979365e-07
-4.457903699215747e-07
_
0.1523012385012519
0.4836889654070997
0.03942815016879533
-2.358252530603511
-0.061976438459630676
2.8410491110855602
1.0318219761403673
-5.208726894620579e-07
-5.59021046872386e-07
_
0.15190973826139076
0.4852393561122818
0.03948596162446669
-2.354934216065792
-0.06189579853849396
2.8392801398546514
1.0313431125907577
-4.814723973563939e-07
-5.408431237519767e-07
_
0.15152101855455186
0.486793217441414
0.039542520444673664
-2.3516114074191568
-0.06181583380345359
2.8375077640501494
1.0308674497911328
-3.996077117647322e-07
-5.282233768357025e-07
_
0.15113500852230713
0.4883501280414401
0.03959825359222534
-2.348284027935237
-0.06173567269123892
2.8357366748658204
1.030392031246023
-1.4058227354881419e-07
-5.264537010075743e-07
_
0.15075166912064056
0.48991081376917683
0.03965293926020005
-2.3449522553273408
-0.061657076844045276
2.8339589964220746
1.0299199900381282
-1.482921697769955e-07
-3.469887724647123e-07
_
0.1503699371308103
0.4914742839151555
0.039707329720025095
-2.3416157250730754
-0.06157709677704555
2.8321863139361723
1.029447086522885
1.486782678938056e-07
-3.2010819788395733e-07
_
0.1499907272276349
0.4930414271153131
0.03976049618299791
-2.3382744777947977
-0.06149809541784509
2.8304082916633635
1.0289773536992677
-4.496322184414868e-07
-4.698167448020859e-07
_
0.14961449599247198
0.4946117276111344
0.03981269165082383
-2.334928655562084
-0.0614191689239525
2.8286317046156313
1.028508130386097
-3.847177115803711e-07
-4.57443961683627e-07
_
0.14923981849535292
0.49618552937945376
0.03986406121907704
-2.3315781893220398
-0.06134009074893874
2.82685185274539
1.0280410779307405
-4.105796174917925e-07
-6.063827896575351e-07
_
0.14886826736908287
0.49776259728695144
0.039914785064837456
-2.328223036232724
-0.061261922840274236
2.825070904349979
1.0275755443702261
-4.985771140958712e-07
-5.388039508523925e-07
_
0.14849872681671866
0.49934305237142057
0.03996470315465208
-2.3248632075839404
-0.06118427107072952
2.823288099378949
1.0271122749949195
-2.1097558676513617e-07
-5.638336783650707e-07
_
0.14813101159891112
0.5009266688134721
0.04001415366046765
-2.3214987440350927
-0.06110605843159224
2.8215060776981598
1.0266489588688006
-3.30365324435538e-08
-6.210132956961332e-07
_
0.14776585279163315
0.502513783106348
0.04006247867352419
-2.318129404828391
-0.06102856559711247
2.819720884714467
1.026188268964978
3.196024929402092e-08
-6.775437288933478e-07
_
0.14740288262980908
0.5041043457312876
0.040110254118224054
-2.3147552166361214
-0.060951809425595256
2.8179340545052254
1.0257291334928786
-2.1226811038934085e-07
-7.255573697081508e-07
_
0.1470425564319662
0.5056981544888383
0.040157227946235635
-2.3113762485431493
-0.060874929896596694
2.816147338100658
1.025270402187061
-2.4834674466465613e-07
-4.886697790629449e-07
_
0.14668417825112604
0.5072955655313001
0.040203455604647664
-2.3079925534812094
-0.06079804407112456
2.8143578000386094
1.024814830482754
-7.117707230171467e-07
-9.745724958965679e-07
_
0.1463278914050166
0.5088961396722994
0.04024895406214011
-2.304604022855459
-0.06072184953385635
2.812567032791355
1.024359143893845
-7.161450897971969e-07
-5.342679620145233e-07
_
0.14597359541235005
0.5105002286328205
0.04029448158643665
-2.301210503108685
-0.06064576091048504
2.8107748379785567
1.023905445903925
-6.672657770476743e-07
-4.769427718735446e-07
_
0.14562162440002427
0.5121077653999908
0.04033802894915345
-2.297811948366943
-0.06057055335938904
2.8089810188899107
1.0234541272805746
-4.3256111069311134e-07
-4.866841111912744e-07
_
0.1452713063800638
0.5137188157360771
0.040381722237044226
-2.294408617529418
-0.06049585075459149
2.807184773456605
1.023004549938627
-5.047598882399888e-07
-6.581130292517498e-07
_
0.14492275415919276
0.515333238361436
0.04042508983191937
-2.2910003656489786
-0.06042159999492243
2.805387759185893
1.0225564611710682
-3.4609334067938897e-07
-7.239912394532171e-07
_
0.14457633446802481
0.5169510906147577
0.04046795570532089
-2.287586910010833
-0.06034757237480292
2.8035906236731125
1.0221091644089764
-6.428460612346055e-08
-7.575441586740066e-07
_
0.14423236626735841
0.5185723915025983
0.0405097797643281
-2.2841688246052554
-0.060273736290085214
2.8017906801577848
1.0216639437463844
3.6299833443632144e-07
-8.156209657438877e-07
_
0.14389003555564053
0.5201971952774841
0.040551397367926185
-2.280745273134466
-0.06020133560496087
2.799987958793871
1.0212205096231435
-2.5669121196597983e-07
-7.601936392403879e-07
_
0.14354936849593178
0.5218252700594025
0.04059331645223048
-2.277316932884797
-0.060128124009601935
2.7981863215227585
1.0207767796947893
-5.256182150928779e-07
-6.221292265499196e-07
_
0.14321109136402102
0.5234569267295653
0.04063350175885058
-2.2738833894340815
-0.060055570621078046
2.79638195885728
1.0203359074888605
-6.068053541016413e-07
-6.638787614124261e-07
_
0.1428750851145645
0.5250922225861272
0.040672576466762304
-2.270444568278793
-0.05998364337695191
2.7945753157883777
1.0198963580548421
-3.1871725238529943e-07
-4.906883513506899e-07
_
0.14254057549215007
0.5267309287212125
0.04071212697137365
-2.2670008090554625
-0.05991155742738879
2.7927677151467196
1.019457778211416
-4.413447478578978e-07
-5.599483128494157e-07
_
0.1422082362223559
0.5283731861630779
0.04075060516917672
-2.2635517895973125
-0.059840075781646455
2.790958094936681
1.0190212679544413
8.525057387848259e-08
-4.6654515099393254e-07
_
0.14187785080924323
0.5300191417713206
0.04078860611323266
-2.2600974073122906
-0.059769973143673334
2.7891450780854
1.018587150876418
5.036795662864854e-07
-5.262204942750133e-07
_
0.14154837157313235
0.5316683893513588
0.04082699241858518
-2.2566379399003127
-0.059699539466899154
2.7873331321707497
1.018153141310135
3.5967682655926026e-07
-6.542035336186659e-07
_
0.14122128023241123
0.5333212343793001
0.04086414965213975
-2.253173211793198
-0.05962993003157174
2.7855184646329607
1.0177212752832643
8.630181544526388e-08
-7.58102437885684e-07
_
0.14089588434390238
0.5349775381752991
0.04090124758066432
-2.2497032456344437
-0.059559686110709095
2.7837032766674943
1.017289713650619
-3.549573538647426e-07
-8.238406055264122e-07
_
0.1405727155099662
0.536637576536817
0.04093772948162625
-2.246227753539893
-0.05949042112466961
2.7818846987626857
1.0168603699579817
-4.1596349212553107e-07
-7.311604012309045e-07
_
0.14025148849125244
0.5383010287522814
0.040973261090859046
-2.242746984131228
-0.05942135384467104
2.780066128330427
1.0164327607823918
4.234715142399015e-08
-7.840811160866849e-07
_
0.13993206294550012
0.5399681644267675
0.04100832923218987
-2.2392608631817197
-0.05935278664415495
2.7782444768979495
1.0160055702473283
-7.584977286825529e-08
-7.114371259074057e-07
_
0.13961399826656096
0.5416391166581365
0.041043788891683274
-2.2357694403946393
-0.05928429470653733
2.7764198938610543
1.015580174578738
-3.2461823575661457e-07
-7.43189579545616e-07
_
0.13929768191020267
0.5433134996312262
0.04107752298703352
-2.2322724680291697
-0.059216662044780544
2.774594761651305
1.0151571412067437
8.143804351983414e-08
-9.556658439843818e-07
_
0.1389834283719016
0.5449914554599291
0.04111174803478706
-2.228769660036512
-0.05914880901620858
2.772769532263314
1.0147332887987752
-3.6468437013196056e-07
-1.0489219459343592e-06
_
0.13867160092672617
0.5466731220268151
0.041145002839661104
-2.2252616862097376
-0.059081510591891706
2.7709402217459664
1.0143119798686413
-2.025200725326865e-07
-8.3716190010062e-07
_
0.13836147742109356
0.5483582474118732
0.041177721853004376
-2.221748069670861
-0.0590136142433041
2.769111328825128
1.0138906150615765
-3.383137565556202e-07
-8.215752362603087e-07
_
0.13805336662316564
0.5500471179643779
0.04120960080021268
-2.2182289165096494
-0.05894538721049064
2.7672802039617537
1.0134702662738682
-2.111147288212464e-07
-7.50467968431099e-07
_
0.13774754830396305
0.5517395418819568
0.0412407324715957
-2.2147043013142906
-0.058876823041727894
2.765447805318336
1.0130510548861384
-1.4698313900470115e-07
-8.042826042022654e-07
_
0.13744435716138362
0.5534356792391334
0.04127060046691402
-2.21117412371713
-0.05880767986301722
2.763613447700734
1.012632324737107
-3.13289204626032e-07
-8.65680485675758e-07
_
0.1371431402630995
0.5551360133061086
0.04129977652984637
-2.207637664952415
-0.058740369262821585
2.761772813901541
1.0122164930668884
-3.524485809049567e-07
-8.502835494482233e-07
_
0.13684303559212666
0.5568398604097929
0.041329007917213015
-2.2040958354185607
-0.05867312314005303
2.759932366863309
1.0118016377447554
-1.1207740888303286e-07
-7.679689786887676e-07
_
0.13654446861464933
0.5585472672191685
0.04135786325952618
-2.200548234913001
-0.05860540191286702
2.7580916001449767
1.0113881889940513
-3.111719079780148e-07
-1.3219783825927439e-06
_
0.13624824081980028
0.5602585621411343
0.041386277637774124
-2.196994921007926
-0.05853860621920072
2.756247135459115
1.0109745455594359
-3.052056807039571e-07
-9.547998141067284e-07
_
0.1359536457433175
0.5619736273426933
0.04141387853643696
-2.1934357091669416
-0.05847183875233821
2.7544006964202463
1.0105633166326284
-2.647832008302143e-07
-8.181983201559936e-07
_
0.13566066562366433
0.5636924246439646
0.041441042492692204
-2.1898709378106544
-0.05840519369276199
2.7525524247486546
1.0101534030309256
-1.7140130565795937e-07
-7.204239950508653e-07
_
0.13536899119889098
0.5654149989711863
0.04146786753573859
-2.1862999225831357
-0.058338658546913204
2.750703142911133
1.0097445305385448
-3.4004881531980886e-08
-1.1185019062615762e-06
_
0.13507911081272686
0.567141792763198
0.041494788948960554
-2.1827229380489666
-0.058273536988853104
2.7488486488189365
1.0093368874248232
7.779909105493737e-08
-9.400611775088504e-07
_
0.13479057862464092
0.5688721864777518
0.04152123586190168
-2.179140112815241
-0.05820867398666157
2.7469935201003355
1.0089311303634996
2.992752147619864e-07
-8.708203512552281e-07
_
0.13450397006071205
0.5706062543984968
0.04154707383643813
-2.175551323964159
-0.05814383742866451
2.7451375316033344
1.0085259282368064
1.0171229698284436e-07
-1.0105024856624735e-06
_
0.13421930551093791
0.5723443267265029
0.041572474918662304
-2.1719565393101155
-0.05807945019548274
2.743278066379912
1.0081225925017137
-8.571385671483377e-08
-8.83004460832335e-07
_
0.13393581267033478
0.5740863455096268
0.04159781740608215
-2.168355528945434
-0.058015470324453804
2.7414162277806953
1.0077199868088418
-1.4585195858482859e-07
-8.977765370736825e-07
_
0.1336539205498362
0.5758321703507178
0.041622802631457914
-2.1647484902560747
-0.05795176344785351
2.739552838274587
1.0073188579483408
-1.836762642172799e-07
-7.901400912984021e-07
_
0.1333745489240863
0.5775812182167236
0.04164711704438785
-2.161135167071334
-0.05788554216169355
2.7376937778646475
1.006916783419657
-2.3002206267633575e-07
-9.840479161991508e-07
_
0.13309668561692403
0.5793353820424683
0.04167024090383525
-2.157515847774658
-0.057822367628592795
2.7358214927418016
1.0065175442158616
-2.861634675580181e-07
-9.716252512980723e-07
_
0.13281961923723618
0.5810933092989743
0.04169364209491968
-2.1538902768487493
-0.05775994160746912
2.7339488846183433
1.0061208507328931
-2.008487636403388e-07
-8.945223806377633e-07
_
0.13254383392217486
0.582854852536664
0.04171740034972354
-2.1502583326190745
-0.057697336977387874
2.7320773519683756
1.005724219373303
3.562489414591485e-08
-8.332413012103991e-07
_
0.13226965998474896
0.5846204863810093
0.04174037687128506
-2.1466204394253974
-0.05763483048523007
2.7302026463210365
1.005328996182477
9.18580101882012e-07
-6.987312078812316e-07
_
0.13199712886157258
0.5863900893345907
0.04176363331783693
-2.1429755967406283
-0.05757310080239496
2.7283257005057107
1.004934742051611
1.2896347046552664e-06
-7.997820381590916e-07
_
0.13172610919326574
0.5881637330120655
0.04178592389027438
-2.1393246492520377
-0.05751165069620889
2.7264464130002564
1.0045418294792525
1.7445004141343807e-06
-8.938377216700673e-07
_
0.13145671626837965
0.5899416252378784
0.04180830705698941
-2.135667244631038
-0.05745124034316031
2.7245630076401373
1.004151054360934
1.747431240242208e-06
-9.024737036781199e-07
_
0.13118849410245792
0.5917231010747511
0.04183053983945339
-2.132003342373839
-0.057389739329361845
2.722681579133666
1.0037591661979008
1.6889867357478957e-06
-1.053951671821524e-06
_
0.13092217389257846
0.5935091046054487
0.04185194347047613
-2.1283330048871263
-0.057329565912228625
2.7207933731216185
1.0033705974874936
1.4489266162972135e-06
-1.1007707818592778e-06
_
0.13065683420526428
0.5952990236491791
0.041873375318788764
-2.1246559686268665
-0.05726896170552767
2.7189054307606213
1.0029816761743728
1.7011605660411734e-06
-1.1266442246564063e-06
_
0.13039359615724702
0.5970928920439661
0.041894727508834544
-2.120972791182761
-0.057207943496200495
2.7170159093004203
1.0025932217425277
2.5674295410690943e-06
-9.547984486419375e-07
_
0.13013235282459715
0.5988909246695229
0.0419149306908434
-2.1172822143398435
-0.05714723694768754
2.7151229031101334
1.0022057113982419
3.034733925609413e-06
-8.820672759975155e-07
_
0.12987291202234244
0.6006933165883483
0.04193408748473744
-2.1135852938765356
-0.05708684857589787
2.7132264159993715
1.0018203472446812
4.606165896219526e-06
-8.083674462638414e-07
_
0.12961513851660195
0.6024996995844294
0.04195358080532524
-2.10988161043155
-0.057026222502249375
2.711328607485081
1.0014347082838961
4.645280189073678e-06
-9.57369332672213e-07
_
0.12935879743598186
0.6043102574625829
0.04197229901753255
-2.106171166316016
-0.056965071802929396
2.709429045749691
1.0010498632374245
5.4081867522077005e-06
-1.0375435778322995e-06
_
0.12910435720978236
0.6061253033355688
0.041990211417167606
-2.1024539983448265
-0.05690476199454967
2.70752419144128
1.000667306379171
6.095719384389173e-06
-1.0251378728602254e-06
_
0.12885373970204295
0.6079435065605182
0.042007061610396995
-2.0987298468113633
-0.05684137119081025
2.7056256803413894
1.0002817355179805
6.44910094095405e-06
-4.259627973860428e-07
_
0.12860219658064348
0.6097680343325913
0.0420233972946258
-2.0949988327409326
-0.05678195753163997
2.70370736191582
0.9999022207787022
6.739727260183223e-06
-8.820573961452376e-07
_
0.1283517257216575
0.6115957431645684
0.04204124996236551
-2.0912607997255903
-0.05672219727034375
2.7017961699750415
0.9995217722941893
7.749300422826005e-06
-9.078891944138009e-07
_
0.12810330600594913
0.6134278456990687
0.042058099631285144
-2.087515697478809
-0.05666305693084493
2.6998815046644897
0.9991427561790893
7.799849854422529e-06
-1.040954904891397e-06
_
0.12785588200654377
0.6152643351615971
0.04207470904002346
-2.0837636537947954
-0.05660413475366845
2.697963526569394
0.9987652408333174
8.10425150116019e-06
-1.0203361012134597e-06
_
0.12760987391830372
0.6171050519334546
0.04209121673351804
-2.0800044050011266
-0.05654511429909781
2.6960443069548425
0.9983878786603833
8.326895744621515e-06
-1.0624137849568891e-06
_
0.12736551879814412
0.618950234317425
0.04210730989124396
-2.0762381991866636
-0.05648618340975995
2.6941214923112295
0.998011895301115
8.73546016792124e-06
-1.0865344707161805e-06
_
0.12712279289029052
0.6207999435450692
0.04212314697947944
-2.0724643858910223
-0.056428238960360956
2.692194983434207
0.9976373169320916
8.756406156190317e-06
-1.1081728181583364e-06
_
0.12688087384052488
0.6226539390020681
0.04213870823420186
-2.068683643561945
-0.05637003512809578
2.690266767528164
0.9972634400898374
9.05701389327797e-06
-1.0890892872162904e-06
_
0.1266405916829923
0.6245124541008691
0.042154426859475055
-2.0648954249423848
-0.0563122599544947
2.688335418788094
0.9968906003849621
9.925901206020904e-06
-9.32348738518616e-07
_
0.12640194880799618
0.626375489422115
0.04216961527434447
-2.0610999237565015
-0.05625493716254044
2.6864007871896622
0.9965189034655751
1.0893046413887479e-05
-7.486534337034104e-07
_
0.12616397791546335
0.6282429983932415
0.04218466382954263
-2.057296774043067
-0.05619793403110132
2.684463755969672
0.9961483506033804
1.160625438687862e-05
-9.642344559798547e-07
_
0.12592755855144622
0.6301151528311953
0.04219955555181512
-2.0534862698453584
-0.056141383879046165
2.6825233488039655
0.9957790173804979
1.2785609081581028e-05
-1.0079333969834304e-06
_
0.12569257154140578
0.6319918201338047
0.042214086418091844
-2.049668265246318
-0.05608568409945894
2.6805795146883535
0.9954108977738211
1.3142920665398694e-05
-1.0922177106932598e-06
_
0.12545886979522086
0.6338729296825526
0.04222872514392473
-2.045842638964599
-0.05602941730138355
2.6786344389041132
0.9950426219715612
1.3532036342035435e-05
-1.078357446316161e-06
_
0.12522642351650082
0.6357588406194075
0.04224300249015962
-2.042009341748295
-0.05597383124595112
2.6766848588240633
0.9946761646139447
1.3738328199238794e-05
-1.2434879132547017e-06
_
0.12499538500939798
0.6376493846995156
0.04225707281175062
-2.0381684389368777
-0.05591863751936488
2.674732193268494
0.9943109293489761
1.4053418620169417e-05
-1.1913827981467137e-06
_
0.12476572097243212
0.6395443268730084
0.04227098069582894
-2.0343197334921177
-0.05586279802828264
2.67277895122341
0.9939450483084094
1.4538394343557071e-05
-1.0628353028877295e-06
_
0.12453769092905664
0.6414439844223805
0.04228452871781072
-2.030463223184865
-0.05580668617134526
2.6708220670569145
0.993580246099868
1.512489403160833e-05
-1.0130689510203167e-06
_
0.12431150447790379
0.643348344668581
0.04229733807990905
-2.0265989116980223
-0.055750396733481374
2.668862459068282
0.9932157488973585
1.5957630347607397e-05
-8.821246939956795e-07
_
0.12408724888381135
0.6452575509994133
0.042309051462048795
-2.022726581909494
-0.05569416736837981
2.666898756764006
0.9928524114782555
1.630009354782619e-05
-1.0732235304502895e-06
_
0.12386413625644675
0.6471714469173249
0.042320591888842865
-2.0188463114911044
-0.055637650553063654
2.664932837625552
0.9924902572975669
1.6718366815102003e-05
-1.5976260079940562e-06
_
0.1236428225817019
0.6490904238466109
0.04233189174362311
-2.0149580412899804
-0.05558188442218493
2.6629612784398926
0.992128261794317
1.7017554181525922e-05
-1.2717300968391915e-06
_
0.12342247308214233
0.651014157249686
0.04234323523908661
-2.0110618213436706
-0.055525851339877086
2.6609868406070096
0.9917679955102728
1.8124508314615695e-05
-1.2282612602049399e-06
_
0.12320375111451493
0.6529427856753575
0.04235413831461252
-2.007157298400648
-0.055470274773853946
2.659009873807911
0.9914077591777254
1.884816255174872e-05
-1.0257709765594144e-06
_
0.12298628102765631
0.654876290235782
0.04236471586890016
-2.0032440855813562
-0.055415085354627344
2.6570292686098025
0.9910489370551118
1.972049375965631e-05
-9.642071861668208e-07
_
0.12277021454033865
0.656814807639026
0.04237470730778707
-1.9993229610037324
-0.05536016153938442
2.6550449837571977
0.9906911543770877
2.009706173227114e-05
-1.1588214114433088e-06
_
0.1225553472447383
0.6587582014897911
0.042384833429445
-1.9953935100290172
-0.05530520536631795
2.6530577603982755
0.9903340048069249
2.053346903187766e-05
-1.1266225778739855e-06
_
0.12234152458216778
0.6607066962766645
0.042395153273900546
-1.991455589312847
-0.05525055387273659
2.6510667517113364
0.9899779116885609
2.1434243487302672e-05
-1.0230411186892138e-06
_
0.1221291059248716
0.6626603984237377
0.04240469249821992
-1.9875090941958398
-0.05519706624631126
2.6490710184713318
0.9896234171087736
2.203553629296854e-05
-1.0686592526172446e-06
_
0.1219175429139541
0.6646189635045129
0.04241495988429678
-1.9835540044502051
-0.05514344786869966
2.6470735344128555
0.9892692356382514
2.2403799334138327e-05
-1.177401005531183e-06
_
0.12170710097011447
0.666582514040923
0.0424245392817225
-1.979590500298457
-0.0550897256080851
2.645073537753779
0.9889156922142028
2.2929891011248026e-05
-1.2702874343901553e-06
_
0.12149862568298418
0.6685512003199581
0.04243426904424759
-1.9756182779242684
-0.055035853482559585
2.643069183324613
0.9885625767366578
2.3801327300572646e-05
-1.0637605763780116e-06
_
0.12129094009358582
0.670525384104174
0.04244348532533214
-1.9716374465699091
-0.05498275066675483
2.6410594994476693
0.9882111613399595
2.4713604759621615e-05
-9.855785694946592e-07
_
0.12108458591893967
0.6725044714179881
0.04245209426247146
-1.9676473632664424
-0.054930029802217936
2.6390482892387164
0.987860965661706
2.587159281740886e-05
-1.1716980465061459e-06
_
0.12087936391792944
0.6744890058248626
0.04246125245276564
-1.963648548543002
-0.05487766831521576
2.637031796877976
0.9875112529459328
2.778175520108869e-05
-9.695310589189539e-07
_
0.12067530845308193
0.6764789512239787
0.04246987904226673
-1.9596411085149354
-0.05482595219085911
2.635010865715709
0.9871630484956303
2.953273376769272e-05
-1.0642395097294912e-06
_
0.12047249375589043
0.6784736244199944
0.04247937661403113
-1.9556238888650377
-0.05477312739846978
2.6329917192174914
0.9868131325229392
3.0591329239559165e-05
-1.1816576108760212e-06
_
0.12027183714763628
0.6804735600338937
0.04248725585661489
-1.9515980375778545
-0.05471938629582466
2.630967521103514
0.9864636609270991
3.219487221283565e-05
-1.0217473728694901e-06
_
0.12007265330871587
0.6824793894276294
0.042494364451216564
-1.9475630072893322
-0.05466628476742727
2.628936842614297
0.9861161678760086
3.33985368385301e-05
-1.1788871488882526e-06
_
0.11987466724453072
0.6844905802420138
0.04250191941204754
-1.9435183505665314
-0.054613585593626196
2.626902860722528
0.9857689144303983
3.465232916912751e-05
-1.1092642726428992e-06
_
0.11967821070822124
0.6865072398760135
0.04250874324226006
-1.939464726199141
-0.05456086686379867
2.6248646174494303
0.9854227499052673
3.572270229491407e-05
-1.1883213689040077e-06
_
0.11948289076146308
0.6885294398119948
0.042515437525496816
-1.9354015290464563
-0.05450835917607663
2.6228226241139976
0.9850770979626382
3.627843847071037e-05
-1.2498015349481474e-06
_
0.11928875925232466
0.6905572044474206
0.04252193510176442
-1.931328844015641
-0.05445607383104506
2.620776529010151
0.9847326490164918
3.692969963987689e-05
-1.273749855471229e-06
_
0.11909616198993832
0.6925903673481001
0.04252807941639686
-1.9272467169677507
-0.05440342154073909
2.618727714336593
0.9843890957937812
3.739081893700276e-05
-1.666920611869263e-06
_
0.11890449168348922
0.6946293342353906
0.04253431899547696
-1.9231547267447318
-0.05435143606261583
2.6166733666775612
0.9840449490710056
3.775781994245245e-05
-1.4627020451839903e-06
_
0.11871387158121302
0.6966741883411135
0.04254004978668202
-1.9190534031066178
-0.0542996878901715
2.6146138192979094
0.9837035291049133
3.981842199077489e-05
-1.0945963270289749e-06
_
0.11852391254106145
0.698724692543842
0.0425466123157616
-1.9149413405922084
-0.05424927411484875
2.6125512043117243
0.9833626230739767
4.074350330540035e-05
-1.4609540791721053e-06
_
0.11833567843942461
0.7007806775367742
0.042552626889977525
-1.9108203941365947
-0.05419824965113
2.6104847660494785
0.9830219394546659
4.2374305463144516e-05
-1.1146067714902783e-06
_
0.11814871311082521
0.7028425468981435
0.04255842927136875
-1.9066887325966464
-0.05414716997859885
2.6084151464085505
0.9826818539256194
4.347790789977791e-05
-1.191702628511427e-06
_
0.11796263085310386
0.7049104166024605
0.04256443386961733
-1.9025476279255922
-0.054096557675221896
2.606339648634431
0.9823416710423113
4.2998995429188897e-05
-1.3793489586916183e-06
_
0.11777788975747217
0.7069840679197312
0.0425697017781182
-1.8983955338378926
-0.05404662657686656
2.604260342536226
0.9820046209795613
4.3671812626998416e-05
-1.210097564690134e-06
_
0.1175944393961495
0.709063595327595
0.042575396805302416
-1.8942337623953578
-0.05399592127016521
2.602178384364556
0.9816659961960744
4.380430243810601e-05
-1.278730462403702e-06
_
0.11741186404742869
0.7111493295192105
0.042580472487510526
-1.8900612930368086
-0.05394646439078568
2.600089159364923
0.9813299447679366
4.442265196220148e-05
-1.2580090804214323e-06
_
0.11723057459801214
0.7132405461554038
0.04258628398544665
-1.8858787098968008
-0.053895549384619955
2.5980001653848914
0.980992144997348
4.561886544374975e-05
-1.051653865312488e-06
_
0.1170513650502379
0.7153380210614476
0.04259046562837926
-1.8816852915907132
-0.05384456700883658
2.595905278718772
0.9806552359418222
4.6869665051219825e-05
-9.876691090478876e-07
_
0.1168735415339861
0.7174417246945957
0.042594622723954347
-1.8774818105993336
-0.05379327015456793
2.593805077771062
0.9803189841167239
4.80011258458755e-05
-9.109753554552625e-07
_
0.11669693921309975
0.719551827362629
0.04259788380541333
-1.8732666202225117
-0.05374308837582151
2.591699433397943
0.9799841243566098
4.8577903162361494e-05
-1.1111258477085743e-06
_
0.11652163134972901
0.7216679791930265
0.04260120313592886
-1.8690412641810155
-0.0536924351084832
2.589590622744332
0.9796495979323432
4.885568897747535e-05
-1.5964273147917836e-06
_
0.11634739343766308
0.7237904644303564
0.042605016354977196
-1.8648046418590296
-0.05364206740105092
2.587475488647301
0.979315044129296
4.917608902828523e-05
-1.3673683451535324e-06
_
0.11617435430737535
0.7259192864023033
0.042608350910119996
-1.8605575325439516
-0.05359146036308447
2.5853563106860595
0.978981632713455
5.00232850726924e-05
-1.0489830257562822e-06
_
0.1160028791502965
0.7280542365847587
0.04261041795874686
-1.85629920216671
-0.053540737264538514
2.5832338515687177
0.9786494448011405
5.0513945586175776e-05
-1.6607553891395687e-06
_
0.11583230881231689
0.7301961255000892
0.04261367304121633
-1.8520293143649518
-0.053490767270961526
2.581103652584765
0.9783167972052476
5.15798787493602e-05
-1.139122033235648e-06
_
0.11566279528855145
0.7323445489375946
0.0426163374717355
-1.8477477817512604
-0.05344179361502025
2.5789686420926636
0.9779861028388166
5.195778737412626e-05
-1.1797461424463074e-06
_
0.11549429667193557
0.7344990847041571
0.04261882536687991
-1.8434555639101249
-0.05339206263653735
2.5768311305022946
0.9776553556891615
5.2435782729949644e-05
-1.3127239246014608e-06
_
0.1153272947239715
0.7366604341557231
0.04262120709207379
-1.8391514264380613
-0.0533425454021701
2.5746875426234745
0.9773252706905767
5.311795279464089e-05
-1.1701605978677168e-06
_
0.11516095600878398
0.738828581372773
0.042623848495519714
-1.83483535419482
-0.053293648709913204
2.5725388883600218
0.9769960213239622
5.3691669328375925e-05
-1.3053010858870396e-06
_
0.11499583240327145
0.7410033872379174
0.04262640428030218
-1.8305077832666763
-0.05324513159518253
2.570384761332174
0.9766676256576267
5.4346365416671176e-05
-1.2822947973699802e-06
_
0.11483159743301594
0.7431850134803537
0.042628950223555805
-1.8261683135114117
-0.05319695564729307
2.5682258877692377
0.9763400155839275
5.4931435334274746e-05
-1.3269749973165404e-06
_
0.11466966471460592
0.7453724983136659
0.04263090406366713
-1.8218173084292975
-0.05314598939720999
2.5660682431340205
0.9760105369313964
5.534663393966301e-05
-1.4314903009750172e-06
_
0.11450871844849755
0.7475680698338303
0.0426327322528799
-1.8174530097309534
-0.053097137613801686
2.5638974167514843
0.9756824139684522
5.577939844744776e-05
-1.3498367088116847e-06
_
0.11434908174797988
0.7497700394392807
0.04263361954062496
-1.8130775503518612
-0.053047451926912695
2.5617245410735885
0.9753553491961224
5.641149497165828e-05
-1.2415559298522215e-06
_
0.1141907176724734
0.7519794401629558
0.04263447183343702
-1.8086894357409213
-0.05299854912998354
2.559544112239922
0.9750294265438925
5.698683748411701e-05
-1.143213919315661e-06
_
0.11403335985498422
0.7541957814351965
0.04263536524945407
-1.8042892948751839
-0.05294927486678387
2.5573599235711995
0.9747034779761068
5.724168322681945e-05
-1.420383895878523e-06
_
0.11387709703026062
0.7564193176208551
0.0426366565972419
-1.7998751808078863
-0.052900827290376526
2.555169468423954
0.9743777682184349
5.759509877740498e-05
-1.3489338184806429e-06
_
0.11372203186439432
0.758649791515145
0.0426371583145585
-1.7954498843463351
-0.052851551871027524
2.5529748595322395
0.9740526776066976
5.7747127352970855e-05
-1.3100339117208875e-06
_
0.11356838585487426
0.7608878331029154
0.042636983327214016
-1.7910109463855994
-0.05280290374966447
2.550773535976857
0.9737289373017445
5.848356943442033e-05
-1.2186494289953037e-06
_
0.11341537935459997
0.7631334974321969
0.04263803991769638
-1.7865585748852244
-0.052755102374469405
2.5485653997729587
0.9734056587117007
5.92473846477e-05
-1.1750583389349504e-06
_
0.11326368296741944
0.7653861124560762
0.04263805760670013
-1.7820942155186543
-0.052706754683714295
2.5463538433180752
0.973082708092414
5.987166891891654e-05
-1.2465291228073097e-06
_
0.11311330096899685
0.7676464656465775
0.04263826561727746
-1.7776160187043601
-0.05265858608906354
2.5441353774199276
0.9727601252242409
6.0425726292866545e-05
-1.2578075163187228e-06
_
0.11296426618101012
0.7699143641828099
0.042638119042447895
-1.773124391372671
-0.05261042973561984
2.5419119584887166
0.9724387846091693
6.0880238862036866e-05
-1.595046119174281e-06
_
0.11281565014908432
0.7721901887717546
0.04263839601186464
-1.768619243596201
-0.052563405492468566
2.5396799536136077
0.9721171926783728
6.154731637809249e-05
-1.2850345457524084e-06
_
0.1126685365233521
0.7744729487524613
0.042638573226632503
-1.764101101872729
-0.052514598878580704
2.5374472645310084
0.971795336745412
6.249870359491876e-05
-1.2297784687209607e-06
_
0.11252311724414855
0.7767639735569407
0.04263849121429417
-1.7595675113351787
-0.05246645426088106
2.53520634546459
0.9714737479385226
6.292747323154487e-05
-1.1783589328421379e-06
_
0.11237892283419017
0.7790626423888558
0.042637700810992336
-1.7550215480103426
-0.05241747752914477
2.5329598009657297
0.9711527946978954
6.408667082322712e-05
-8.765480397568106e-07
_
0.1122368173839121
0.7813691839408675
0.04263508673843465
-1.7504617299743948
-0.05236777466415619
2.530707866221337
0.9708323353575433
6.452379295852494e-05
-1.3324897548920981e-06
_
0.11209545437084466
0.783684367322506
0.04263346892219246
-1.745886097514592
-0.0523194433204474
2.5284461126070705
0.9705120804353194
6.504582435862281e-05
-1.297405669104287e-06
_
0.11195500274947226
0.7860075638348183
0.04263187625670776
-1.7412963193684545
-0.05227156533457102
2.5261787976027903
0.9701932674525542
6.576054192270854e-05
-1.1944350726832986e-06
_
0.1118153998929534
0.7883389462932966
0.042630830112281116
-1.736692011759845
-0.052224070027385265
2.5239055343492867
0.969874633743283
6.617868816717318e-05
-1.1905031979020756e-06
_
0.11167711945688508
0.7906782459401119
0.04262881121651342
-1.7320740579394123
-0.05217581728717312
2.5216270625351647
0.9695564404353936
6.686994382226078e-05
-1.1509050791221828e-06
_
0.11153982064379554
0.7930263366135702
0.04262712992726781
-1.7274401653979485
-0.052128419941993756
2.5193406400920577
0.9692390650041939
6.75770632666206e-05
-1.1604705467645913e-06
_
0.11140339401227213
0.795382775439898
0.04262547951081043
-1.7227915800013254
-0.05208133354662777
2.5170479159729178
0.9689222254627868
6.83842726609547e-05
-1.1558196883014328e-06
_
0.11126823070070432
0.7977475667198882
0.04262419405459389
-1.71812779204944
-0.05203383950783474
2.5147498192295066
0.9686049199437654
6.881322350904033e-05
-1.1734979296825737e-06
_
0.11113448028380718
0.8001210677715791
0.04262229346457031
-1.7134484661865919
-0.051986271912446445
2.512444620343839
0.9682882769024529
6.93625000912945e-05
-1.1267054710705299e-06
_
0.11100221349868533
0.8025030430875311
0.04261960670063652
-1.7087537343297319
-0.05193800370227204
2.5101341856841626
0.9679715337501967
6.998649078218588e-05
-1.153842332061904e-06
_
0.11087148541186996
0.804893914421363
0.04261717403576341
-1.704043133805839
-0.05188921995655157
2.507816373956965
0.9676543301054735
7.02829769710034e-05
-1.162444215777713e-06
_
0.11074179260004517
0.8072942341867622
0.04261401574625967
-1.6993159503166055
-0.0518418176992857
2.5054886626560773
0.9673392555120034
7.110355967342909e-05
-1.0338699153408287e-06
_
0.11061332990826846
0.8097032635737148
0.04261030682062576
-1.6945751439861263
-0.05179330897216123
2.5031552549685276
0.9670241529895445
7.16047439747127e-05
-1.0167461766542325e-06
_
0.11048610831243369
0.8121213444758012
0.042607323137590386
-1.6898147493138698
-0.051745569045978435
2.500815183556461
0.9667086634236737
7.222374173946354e-05
-1.0528361960980632e-06
_
0.11035988668313566
0.8145488116918573
0.04260388624931762
-1.685039350939802
-0.05169790838734706
2.498467023831129
0.9663942382248604
7.272297760434075e-05
-1.073697362149882e-06
_
0.1102345070296033
0.8169858266833196
0.04260036762793162
-1.680247162320121
-0.051651274957480876
2.4961102375907975
0.9660815591085741
7.33266055074954e-05
-1.1032800139904268e-06
_
0.11011006647742475
0.8194321919107445
0.04259740506965494
-1.6754388404210199
-0.05160425270799776
2.4937476382438226
0.965767842231923
7.367898974203198e-05
-1.0400121798503713e-06
_
0.10998688113876429
0.821887896265439
0.04259419308353377
-1.6706115574413134
-0.0515576252107291
2.491377153761459
0.9654548048576345
7.44593108150509e-05
-1.0940667425201537e-06
_
0.10986464158359796
0.8243534188158004
0.04259099262446248
-1.6657682095258504
-0.051511268174055054
2.4889987659711723
0.965142666841025
7.51423035456564e-05
-1.107454029917374e-06
_
0.10974393818381006
0.826828107720577
0.04258837714650136
-1.6609072729556658
-0.051463189528275284
2.4866163945651616
0.9648285738065004
7.61792180457979e-05
-8.299685466220828e-07
_
0.10962546214068851
0.829312555599782
0.04258317749707456
-1.6560288397669318
-0.05141418900568567
2.484226273923091
0.9645148096940542
7.676687505538932e-05
-9.754599053111823e-07
_
0.10950836924472801
0.8318078342698021
0.04257806263746214
-1.6511318858750765
-0.05136600984449373
2.481823907407105
0.9642021929096896
7.730971033318581e-05
-1.0844203658427434e-06
