_
0.19263063730227328
0.3700849535281347
0.030990060579390705
-2.6106611059518334
-0.07071129371327296
2.9801226796172773
1.0777964387529855
0.0030643321415860917
0.0033793727748161065
_
0.18007518194983527
0.39656661112537706
0.03461233227045046
-2.5497712037932176
-0.06874125593664504
2.945671329925693
1.064844884856779
0.003065152569751764
0.0033786771218681454
_
0.1692568678321615
0.42433457459669893
0.036967976041580766
-2.487486533670657
-0.06666840034590223
2.9110696508403504
1.0532694207663764
0.0030653052677189815
0.0033784954432130284
_
0.1598384215631192
0.4533769450068954
0.03871322799426463
-2.4236869990788446
-0.0647065391413599
2.876238514438393
1.0425019603589096
0.003065385323356928
0.0033783833645853896
_
0.15158386869270019
0.48370223308794497
0.03999440552663009
-2.3582422290337473
-0.06287415926901176
2.841055273649347
1.032468046450964
0.0030655000241441143
0.003378233477967607
_
0.14431312490260487
0.5153450455507137
0.040921804432441866
-2.290992155083748
-0.061171656199435515
2.8053942804612455
1.0230901933082235
0.0030656167316785283
0.0033780808408858443
_
0.13788664367028433
0.5483673210832544
0.041575228947879544
-2.221742468258488
-0.059589837200620714
2.769121955392184
1.0142944334548916
0.003065750859322718
0.0033779087697686965
_
0.13219645246241615
0.5828609910009799
0.04201518583592341
-2.1502554036014874
-0.0581154954891128
2.7320917738228334
1.0060116342998482
0.0030659316727676984
0.003377687270171316
_
0.12715837566279442
0.6189530677490187
0.04228812094693297
-2.0762374141090505
-0.056734884804817254
2.694137502753968
0.9981783249379804
0.0030661230666785867
0.003377454420868172
_
0.12270680869780863
0.6568136365600764
0.04242597377247861
-1.9993257097400297
-0.05543339957395971
2.6550649587030866
0.9907365577102268
0.0030664061959570195
0.003377126066230035
_
0.11879202755369958
0.6966683976357585
0.042457098025697894
-1.9190582533679825
-0.054197963761631884
2.6146398103392303
0.9836318603109235
0.0030667044133042415
0.0033767829028081694
_
0.11537695075649038
0.7388180743424742
0.04239932109076036
-1.8348432626929518
-0.053015334460734365
2.572570086062205
0.9768136145366322
0.0030670358317458945
0.003376406948832655
_
0.11243701863601761
0.7836698952605914
0.04226909191673769
-1.7458945752819572
-0.051873535198323925
2.528478327705614
0.9702323277978621
0.0030674013041951404
0.003376003831892093
_
0.10995328327589259
0.831792143253655
0.042085065578085244
-1.651135875248045
-0.05077060945491847
2.481846128340235
0.9638463910116378
0.00306912123295105
0.0033743025941038113
