_
0.20344728240718485
0.3518437909529653
0.027988214054461582
-2.6536667418904654
-0.07135708663661848
3.0050219013285977
1.0866288452233328
0.0031346080395939896
0.0032951255400210217
_
0.1942534264798669
0.36801860389669117
0.030563269412013157
-2.6154744902352043
-0.06999698703518886
2.9829581714221676
1.0784754348371999
0.005437987535659406
0.005489769433674381
_
0.18587767861981425
0.38474698834107834
0.032961505233545046
-2.576733030548488
-0.068918340662857
2.9608717238200084
1.069649300600761
0.0054397836590890005
0.005490017460118672
_
0.1783512221643853
0.402007443938793
0.03473271406278396
-2.5374401953766745
-0.06752951912940841
2.938780151894632
1.061877277709789
0.005439869831764213
0.005489901156108433
_
0.17148530387302294
0.41979449909330874
0.036190433881855874
-2.4975613925607756
-0.06618220854569744
2.9166352978042664
1.0544664867682643
0.005439974446484936
0.005489764548879155
_
0.16520239912675713
0.4381035115861128
0.03739425850927833
-2.4570696925973072
-0.06488558052318073
2.894404580227778
1.0473972842359955
0.00544006824322491
0.005489638797922395
_
0.15943606134602598
0.456934402093734
0.038384628313484284
-2.4159335940815656
-0.06364512299012322
2.8720558612237603
1.0406493150357572
0.005440151680315499
0.005489523403697405
_
0.15413059987864722
0.4762914643330874
0.039194846242767895
-2.3741171418104523
-0.06246204606176876
2.8495569001315078
1.0342013245263781
0.005440256718570067
0.005489384424612029
_
0.14923908526374313
0.4961833217784896
0.0398540515886123
-2.331578886565593
-0.06133517518034593
2.8268749035518024
1.028031793521018
0.005440381226957869
0.005489224011058787
_
0.14472181903521364
0.5166230952642077
0.04038618753165637
-2.28827187795028
-0.06026227277425967
2.803975929661276
1.0221203649188502
0.005440509033939179
0.00548906000522468
_
0.14054474381782514
0.5376286126039586
0.04081022037210644
-2.244143020343605
-0.0592401517124632
2.7808244637269532
1.016447577905235
0.00544063276168714
0.005488899841071394
_
0.1366790804927563
0.559222727309647
0.04114133586457861
-2.199132281411904
-0.05826483758124977
2.757382777360531
1.0109949324816017
0.005440784685334228
0.005488709289672031
_
0.1331003793186128
0.5814337908182531
0.041393423315870065
-2.153170689290061
-0.05733216901882378
2.733610303536251
1.005744560736103
0.005440979987002468
0.005488472936548204
_
0.12978776263836897
0.6042963707407548
0.04157924902587759
-2.106178488061191
-0.05643898190448221
2.709462737632149
1.0006800454473563
0.005441145358639482
0.005488267960660474
_
0.12672281514501707
0.6278521343817864
0.041705297376233706
-2.0580668868961194
-0.055580835828311775
2.6848912588573874
0.9957861535893777
0.005441356426970139
0.0054880150003731795
_
0.12389085904048106
0.6521510055772018
0.04178032374601196
-2.008730670794038
-0.054753822214096096
2.6598412503603046
0.9910476317845622
0.005441625126323375
0.005487702063697835
_
0.1212786548000506
0.6772529180417214
0.04181305663446726
-1.9580466740463958
-0.053955463957343026
2.634250328371331
0.9864508194426734
0.005441956773775592
0.005487330347379608
_
0.11887624952884861
0.7032292741855137
0.04180451154499151
-1.9058752598626223
-0.053180817375716935
2.608049049948637
0.9819818291847644
0.005442275514877156
0.005486966586447038
_
0.11667506960344162
0.7301669132321389
0.04176305640048862
-1.8520439612253397
-0.05242715305599141
2.581153406985879
0.9776273128612072
0.005442577194430463
0.005486621480136831
_
0.11466775074383886
0.7581709370578145
0.04169149318302581
-1.7963515403409889
-0.05169177655973022
2.553465798890762
0.9733752862924231
0.005442954592118733
0.005486205045915782
_
0.11285060886300921
0.7873700648288691
0.04159207478686709
-1.7385525056580318
-0.050970718591284415
2.5248706479550735
0.9692121298003968
0.005443329968667732
0.0054857922223530324
_
0.1112127478147196
0.8179281123514557
0.04147860334575961
-1.678336877830089
-0.0502733311410102
2.4952100600257436
0.9651348681980568
0.005445195987205805
0.0054839468583862665
