_
0.2162324693359687
0.3329043432342184
0.024256329971100398
-2.699505970484018
-0.07255597705454256
3.032031695921757
1.0966803772396363
-3.1551125962227614e-08
5.956302068809962e-07
_
0.21207941633647007
0.3388786346702381
0.025529706837706327
-2.6848975019527366
-0.0720372230106732
3.0233685930893848
1.0931033586692132
1.1378737596116985e-07
4.56057956615714e-07
_
0.20809465450417772
0.3449431728638893
0.026732751035781106
-2.670211484757621
-0.07149962529402847
3.0147184352590366
1.0895822567174944
1.0669754812289876e-07
6.709631896230645e-07
_
0.2042679724124336
0.3510964454730585
0.027843899724916684
-2.6554459747069226
-0.07095051200611506
3.0060780562050633
1.0861223056624123
-1.2155495973654252e-08
6.325681239325055e-08
_
0.20059268281640402
0.35733684507952107
0.028882389673095945
-2.640600750066052
-0.0703928429842511
2.9974460099679465
1.0827220813819172
-2.6703425972295823e-08
-9.184309643717806e-09
_
0.1970596762325184
0.36366313824939195
0.0298483918213978
-2.6256746531411963
-0.06983056197054824
2.988819361180818
1.079382691505288
-4.7787544192659096e-09
-1.1246067131802305e-10
_
0.1936611400439708
0.3700739578564719
0.03074771936870777
-2.610666591957379
-0.0692659543716597
2.980197869108626
1.076102992094042
7.884620234771039e-09
-1.187179436183145e-09
_
0.19039091522812335
0.37656855624124314
0.03158398973343104
-2.5955756692483685
-0.0687026342262289
2.9715762696262877
1.0728842577609232
7.083588256554631e-10
-2.0302938928431666e-10
_
0.18724134043743326
0.383145675306949
0.032361535403274876
-2.5804005335546583
-0.06814143341528946
2.962956079360095
1.0697242185400049
5.790207917961558e-09
-2.61753967447895e-10
_
0.18420728539387657
0.3898048721670281
0.033084184474064575
-2.5651401221579144
-0.06758514900762483
2.9543315796272633
1.0666238753021768
-2.4563072126730014e-09
-3.1669038884467725e-10
_
0.18128227643294093
0.3965451315823214
0.03375452015357289
-2.5497931731683336
-0.06703373309137639
2.9457046168292917
1.0635805067661668
8.921685014648056e-09
-2.384797754415145e-09
_
0.17846068235333487
0.40336628578964134
0.034377808303817196
-2.5343580331173854
-0.06648920550729857
2.937068483575819
1.0605948685648217
3.900257921055362e-09
-7.375009658502679e-10
_
0.17573806163447356
0.4102674666740291
0.03495541288736652
-2.5188334466789835
-0.0659518045020199
2.9284261980236015
1.0576643731107471
4.875478970877554e-09
-1.7131401892545853e-09
_
0.17310874119535802
0.417248804445356
0.035492299763677695
-2.5032176027399156
-0.06542295365571825
2.919770522406657
1.0547891943027006
3.7051682501646244e-09
-2.6447308013790185e-10
_
0.17056897610145266
0.4243095726798921
0.035989346806072714
-2.48750901764523
-0.06490234592283217
2.9111050192065653
1.0519667068500522
1.5845696107230554e-08
-8.599270302577217e-10
_
0.16811397979257323
0.4314501132188516
0.03645095990819234
-2.471705779571388
-0.0643909321572586
2.9024227706969996
1.0491971397607962
1.3420350218977958e-08
-9.719110359698434e-12
_
0.16574048166234978
0.43866992618452516
0.03687843221773788
-2.4558059957736043
-0.06388846923722658
2.893726714417194
1.046477502757733
1.686247539811899e-08
-1.8352080160818282e-09
_
0.16344402002471653
0.44596961283912107
0.0372747184804273
-2.4398077833082796
-0.06339567942882716
2.8850099301017664
1.0438083836367247
1.53137799824955e-08
-6.917417874298871e-10
_
0.1612221275469982
0.4533487611110662
0.03764119098610882
-2.4237090125018534
-0.06291178099438646
2.876276170922196
1.041186271739979
5.733626515219392e-09
-5.767247600025083e-10
_
0.15907065297075976
0.46080825752173854
0.0379804475064081
-2.407507562983774
-0.062437374705268084
2.8675177615357565
1.038611680725653
-5.864657338405013e-10
-5.723754167372315e-09
_
0.15698774460876394
0.46834802816555976
0.038292822074296934
-2.3912012440678754
-0.06197188664502693
2.8587374626796778
1.0360821803864324
8.026205712967052e-09
-2.21444778968005e-09
_
0.15496945197982367
0.4759689842790043
0.038582016904504024
-2.374787370941157
-0.061515826932037714
2.8499287963932756
1.0335973635162319
3.7434887302573415e-09
-6.125091224960341e-09
_
0.15301420535749705
0.483671264686401
0.03884769880244937
-2.358263681127365
-0.06106841470712461
2.841094560818896
1.0311548421884325
2.0969357551098947e-08
-1.8288416303099673e-10
_
0.15111858144619777
0.49145599717537575
0.03909333709903795
-2.341627133169711
-0.06063007369653778
2.832228351580038
1.0287545797964528
1.6249694613418708e-08
-2.66140737021765e-09
_
0.14928124875738458
0.4993235163546671
0.03931810993238416
-2.324875326437751
-0.06019998599066739
2.8233325247458567
1.0263940023079963
3.6020930852539766e-08
-3.00280904614955e-11
_
0.14749912824905242
0.5072751962745186
0.039525375247677914
-2.3080049908357365
-0.05977836811164589
2.8144008078589193
1.0240730149622141
2.6547752494649256e-08
-2.7639253604791998e-09
_
0.1457712290998015
0.5153115861068831
0.03971414831782336
-2.2910133005635833
-0.05936446389452977
2.805435250102704
1.0217892039598953
5.896810055855173e-08
-1.7507895631283627e-10
_
0.144094651271661
0.523434323039158
0.039888206751631385
-2.273896477784078
-0.058958866205711065
2.7964291768268894
1.0195428257389907
2.5089055357088214e-08
-2.048838230110439e-09
_
0.14246830539222785
0.5316441719831871
0.04004568340966889
-2.256651692120278
-0.058560797897398695
2.7873847530973204
1.017331651105103
5.1389808631988e-08
-5.021316696443296e-10
_
0.14089017554581748
0.5399429757963026
0.04018938160418041
-2.2392746342449494
-0.058170914819766786
2.7782955008863937
1.0151558847920201
1.0104715757605884e-08
-5.525561919374568e-11
_
0.1393586414933154
0.5483317755440342
0.04031890756003747
-2.2217625022292897
-0.05778768244915157
2.7691630925244537
1.0130129453353356
2.1010450865843926e-08
-3.3337723477515606e-09
_
0.13787169060870666
0.5568126123195319
0.04043672943682012
-2.204110616011793
-0.05741176871619547
2.7599814936533678
1.0109030537707713
1.6194020591698064e-08
-5.375733722767783e-10
_
0.13642892457766895
0.5653867006210856
0.04054165683855842
-2.1863151764458784
-0.057041982540172294
2.7507528443579847
1.0088233708272027
2.457125376458513e-08
-1.610038369699095e-09
_
0.13502823278789303
0.5740565098402475
0.04063617255554569
-2.1683712728151
-0.056678880800061164
2.741469693118149
1.0067747444103077
3.4957824620822937e-08
-4.5814285964855536e-10
_
0.1336692933322891
0.5828236406855098
0.040719008659411436
-2.1502747918521625
-0.05632172930464968
2.732133215848076
1.0047548516392057
4.0951765751140436e-08
-4.383509004969725e-12
_
0.13235000696394836
0.5916906822781893
0.04079289953007249
-2.1320201924249593
-0.055970789007900375
2.7227374394938297
1.0027638383095787
4.4596302519866565e-08
-4.5374205134177935e-10
_
0.13107000507972225
0.6006595906042377
0.0408570202376695
-2.1136025108840313
-0.055625498750133014
2.713282921458134
1.0007996128075445
4.314943016746422e-08
-1.501061177186655e-10
_
0.12982734890946038
0.6097332557440636
0.040912893560983064
-2.095016326404052
-0.05528578883827291
2.703763949695175
0.9988622090824911
5.6905222907707476e-08
-1.3829202479475028e-09
_
0.12862220790470238
0.6189141106907886
0.040959544272862004
-2.0762559012928508
-0.05495119813190676
2.6941796978997052
0.9969499676376289
5.8475522861556386e-08
-6.690978512349708e-10
_
0.12745256733869334
0.6282055037063343
0.04099869054909629
-2.0573150782673566
-0.05462196813263238
2.6845238024385307
0.9950632166523269
8.716697249866638e-08
-1.8693006115423467e-09
_
0.12631860979531306
0.637610091197744
0.04102947767233162
-2.038187490431933
-0.054297221253590766
2.674796520979984
0.9931996320610262
1.311495168266903e-07
-4.5043830040100633e-10
_
0.12521861348695612
0.6471316742161287
0.04105388402275153
-2.0188658194977576
-0.053977251050786074
2.6649912156053714
0.9913594369594674
2.4025102446455237e-07
-2.758729827907888e-09
_
0.12415291478867975
0.6567733756812193
0.04107045479103271
-1.9993432863154106
-0.053660964726395484
2.6551075053712103
0.9895405125785861
3.4350695091065935e-07
-4.572357665037051e-10
_
0.12311992112022001
0.6665396975528153
0.04108132017008173
-1.9796113771627235
-0.0533492333563346
2.6451372579480568
0.9877436522164654
5.381114246392123e-07
-2.4639065727595476e-09
_
0.12211958379880873
0.6764342618439246
0.0410866456105567
-1.9596613425094416
-0.053041588895030724
2.6350803071586726
0.9859666215047126
6.207328899780816e-07
-2.356451203206302e-10
_
0.12115023690281113
0.6864619288248678
0.04108592923230573
-1.9394858402777535
-0.05273789179666566
2.62492938673968
0.9842100260142019
8.127434719621737e-07
-2.8670337444542637e-09
_
0.12021268743282744
0.6966271330039772
0.041078570300295776
-1.9190750805087757
-0.05243713770233498
2.614682335713724
0.9824717628453715
9.914225714804756e-07
-5.7723655181212465e-11
_
0.11930553365030722
0.7069355906826124
0.041066665193348034
-1.8984181033197518
-0.052140169145564595
2.6043309092964644
0.9807523154779635
1.26842980207855e-06
-3.2958303046684873e-09
_
0.11842899622397693
0.7173922282571773
0.04105032057824136
-1.8775036557629117
-0.05184599265735944
2.593874362206844
0.9790490983245562
1.443477241973915e-06
-9.069831040418943e-10
_
0.11758171039975941
0.7280038255482104
0.04102869970522232
-1.8563216482065275
-0.051555462379293204
2.5833018176637035
0.977363877425783
1.6990200097127098e-06
-3.821007560574879e-09
_
0.11676434661129026
0.7387761341895048
0.04100156916095608
-1.8348593103648014
-0.051266816919851715
2.5726122000960165
0.9756935629616541
1.943903418872685e-06
-8.146315106915164e-10
_
0.11597584984891189
0.7497169070515255
0.04097214638600391
-1.8131007908949779
-0.05098154143752054
2.561795293293339
0.9740387168559165
2.2258656370658e-06
-3.893608136414813e-09
_
0.11521682109824043
0.7608332633683664
0.0409359940856391
-1.7910348176180917
-0.05069816731631331
2.5508465597003336
0.9723981162531322
2.3699957815969274e-06
-4.0988372127004987e-10
_
0.11448558964160212
0.7721338829346056
0.04089724589352797
-1.7686440662068672
-0.05041688874298665
2.539756859003552
0.9707712182470696
2.712765171963219e-06
-3.848319404176751e-09
_
0.11378346572173678
0.7836277044648233
0.040854860496759314
-1.745909746056143
-0.05013825411842359
2.528519173571397
0.9691570803918798
2.946074379774037e-06
-7.066743237309446e-11
_
0.11310930155109711
0.7953245779509145
0.04080797158899891
-1.722816387409211
-0.049861227372860056
2.5171240991740778
0.9675552324677686
3.197766871322093e-06
-1.7286042703079845e-10
_
0.11245760852498944
0.8072371550882205
0.040765837433028966
-1.6993371890516744
-0.049593677178989694
2.5055550301778955
0.9659703302126037
4.499367583395496e-06
-6.978589699536687e-07
_
0.11183197166813466
0.8193747201029897
0.04072132129985111
-1.6754575331873973
-0.049331150132201504
2.493813185794289
0.9643969496501351
6.011165499060917e-06
-2.0678022116760505e-06
_
0.1112410205161485
0.8317475157640231
0.040664948150227566
-1.6511570245525056
-0.049059070404843405
2.48189844155609
0.9628247708911593
6.5088617107567755e-06
-2.1550610426399413e-07
