_
0.21283769397747188
0.337677315802533
0.025335678148547914
-2.6878246049908308
-0.07224307039462503
3.025098600460302
1.0938864432086246
-3.3589996316757305e-08
2.3197789555429835e-06
_
0.20724705022939977
0.3461678147722827
0.026996822022172587
-2.6672629377785353
-0.07150546841004904
3.0129886265864156
1.088971090306087
1.1334753508944841e-07
2.147270759218114e-06
_
0.20196765736595484
0.3548314227120788
0.028520266825351782
-2.6465467137652645
-0.07073965620459464
3.0008975269513285
1.0841663499420102
2.6666871658386743e-07
1.967603772453376e-06
_
0.1969746109692233
0.36366446541196984
0.02990822401684255
-2.6256729090307815
-0.06996169010781735
2.9888169252269985
1.0794794351010375
6.299828002462276e-07
3.4691331671826424e-06
_
0.1922459263595507
0.3726632383688758
0.031151078500302198
-2.604638413063711
-0.06917890783996034
2.976747971072839
1.074910888810858
7.149857231348541e-07
3.558401549462083e-06
_
0.1877634300023155
0.3818252994486909
0.032278930661952615
-2.5834404681248797
-0.06839735773509155
2.964678171491528
1.0704580738964466
5.729017609013659e-07
3.536136054911193e-06
_
0.183509928239112
0.391148168897497
0.033295129466334956
-2.562075801882388
-0.06762310518691905
2.952604833747048
1.0661205007979904
3.3580966092177966e-07
3.541836676518332e-06
_
0.17946826788363762
0.4006300888741038
0.03421199924168463
-2.5405408187272482
-0.06685906076471851
2.9405213208754697
1.0618954273696468
1.4547267665965998e-07
3.486866103789696e-06
_
0.1756243936050262
0.4102696094375326
0.03503834085502878
-2.5188314769907487
-0.06610847746472122
2.9284225028854425
1.057780189949876
3.22858615084158e-08
3.4590652876726746e-06
_
0.17196462493915543
0.42006573719395046
0.035782715196846934
-2.496943426768019
-0.06537316735776737
2.916303137678361
1.0537715108515013
1.7991021299103754e-08
3.3833063548105074e-06
_
0.16847703849611398
0.43001785013446764
0.036452385792930184
-2.4748721096612285
-0.06465418794758485
2.9041585029521317
1.0498657253377015
2.2393544471063846e-08
3.2873083683093328e-06
_
0.1651506600797613
0.44012587313300894
0.037055127764701025
-2.45261228918583
-0.06395276699370744
2.8919821289372027
1.046059817383042
1.5613809068595658e-08
3.2196893616048e-06
_
0.16197511893055194
0.4503900090276711
0.037595891685694695
-2.430158793763671
-0.0632692725184317
2.8797693733867806
1.0423502758384648
1.931812023651781e-08
3.1395006240560743e-06
_
0.15894140259410214
0.46081085399054655
0.03808129450627895
-2.4075056673475563
-0.06260378850696748
2.8675149802115354
1.038733270237204
1.4193951193565285e-08
3.0601189644503356e-06
_
0.15604109871268892
0.47138942813395346
0.038515407475566366
-2.3846467812765306
-0.06195616267295671
2.8552136582601304
1.0352053448990026
2.154908450252628e-08
2.956501582438832e-06
_
0.15326672034890101
0.48212711854668017
0.03890343702813722
-2.3615753845180714
-0.06132600964300705
2.842860065458006
1.0317627647045091
2.826017089174882e-08
2.8456713654629267e-06
_
0.1506119158656867
0.4930256901787682
0.03924839860115066
-2.338284101805913
-0.06071315593523696
2.8304488453035592
1.0284022014783
1.959230621978982e-08
2.7975335929151244e-06
_
0.1480694294472135
0.5040873854994871
0.03955569595252815
-2.31476552779351
-0.06011638619821625
2.817974254406952
1.025119811041335
2.3759625028652053e-08
2.7373133920017363e-06
_
0.14563382373158928
0.5153148143118764
0.03982803069341012
-2.291011076768916
-0.05953588734542488
2.8054304633661897
1.0219127918914503
2.8875158702165888e-08
2.6700187108912033e-06
_
0.14329962153330053
0.5267110198283954
0.040068611903933446
-2.267012074157196
-0.0589710293589072
2.79281169043038
1.0187779380995052
2.84799676720751e-08
2.5910244753178675e-06
_
0.14106183033053238
0.5382794265510783
0.04028012908633421
-2.2427588102336036
-0.05842117155357397
2.7801123871981543
1.0157119367497967
2.4612760844887803e-08
2.5201971963233904e-06
_
0.13891611185316946
0.5500239714661231
0.04046441906978312
-2.218241538425726
-0.05788520598542645
2.767326454517993
1.0127116019743039
3.1121591000250316e-08
2.4146725108892143e-06
_
0.13685861296152305
0.5619492101665458
0.04062365318339716
-2.193449044378092
-0.05736272815202104
2.7544463752372432
1.0097744089933995
5.090108681018969e-08
2.2555196678379516e-06
_
0.1348855103054949
0.5740599970048704
0.04076048233082575
-2.168369500853538
-0.05685282117129144
2.741466261167529
1.0068969799566585
7.377403746663906e-08
2.0808400768589644e-06
_
0.13299344377997482
0.5863619763907494
0.04087601632637052
-2.142990338628373
-0.056355083560473175
2.7283780581389507
1.004077147518083
1.3257980408775885e-07
1.8789852244758312e-06
_
0.13117919578931445
0.5988611667793766
0.04097323095103583
-2.1172974747056386
-0.055868789675864367
2.7151751280857983
1.0013116816619976
1.7238307871467815e-07
1.687726341416135e-06
_
0.12943963248420412
0.6115644301247624
0.041052556298582704
-2.0912764373370787
-0.05539349101825771
2.701849019459037
0.998598544747232
2.4262158408918295e-07
1.4858301240091865e-06
_
0.1277722617585921
0.6244792460497096
0.04111504429663321
-2.064911759595995
-0.05492824010863793
2.6883912922663047
0.995935153320758
3.253723080285266e-07
1.2611990291852176e-06
_
0.126174724015333
0.6376139411369485
0.04116205988672891
-2.0381857343097183
-0.05447259445033396
2.6747925969690813
0.9933191972874078
4.645556844547444e-07
9.925806827650622e-07
_
0.12464485792223819
0.650977489478329
0.04119506133041068
-2.0110797411567685
-0.054025508537091184
2.661044365924302
0.9907477170965406
6.175101867193887e-07
6.923680242540235e-07
_
0.12318070161224187
0.6645801533240591
0.04121444962734732
-1.9835733370746225
-0.053586785082047096
2.647134912671727
0.9882191423087743
8.496796768702341e-07
3.3349947965005997e-07
_
0.12178034857507171
0.6784329598023683
0.04122343740424607
-1.9556429799358899
-0.05315626731486042
2.6330540270056018
0.9857307070319172
1.0060985053016282e-06
2.0056230865970508e-08
_
0.12044173419969464
0.6925481859375017
0.041219621363478676
-1.9272667188914225
-0.0527328974156215
2.6187894362762503
0.9832809149170899
1.2091073884233296e-06
-1.1866547148763183e-09
_
0.11916394825219875
0.7069395330047743
0.041205087041737046
-1.8984166760242538
-0.05231607848679029
2.6043277302120713
0.9808672262276568
1.4412289250286505e-06
-1.5901499075751802e-09
_
0.11794559333089714
0.7216220219915576
0.04118200370089118
-1.869062230878948
-0.05190554567057631
2.5896555447186524
0.9784871007478034
1.6487358825955206e-06
-1.6990815948583714e-09
_
0.1167853368434831
0.7366125785315832
0.04114838006240592
-1.8391733572100004
-0.0515005985556804
2.574756035460588
0.976139390599923
1.878062039411526e-06
-2.1282200419824116e-09
_
0.11568295158408973
0.7519300236362076
0.04110658825291073
-1.80871117782814
-0.05110116131602736
2.5596123651509917
0.9738213851575558
1.9978170059518972e-06
-3.062967643208215e-10
_
0.11463675700544522
0.7675951722636072
0.04105578054847752
-1.7776388031229595
-0.05070568842354883
2.5442060525367336
0.9715310503270475
2.1388566254450655e-06
-5.510788361292196e-11
_
0.1136467648914786
0.783631824379309
0.04099831877987272
-1.7459084433989616
-0.05031439457398896
2.5285156231936154
0.9692660719042716
2.2816644038912932e-06
-2.5608105513212324e-10
_
0.11271251334833238
0.8000665696831186
0.040932203048563785
-1.7134723762000323
-0.04992627634657775
2.5125172443064625
0.9670246755720788
2.441565408991677e-06
-4.109053548955624e-10
_
0.11182613552691995
0.8169326490565946
0.04087014828063749
-1.680265194895419
-0.049552545040014384
2.496172145259497
0.9648129348965566
3.941804236333973e-06
-1.5669123624750325e-06
_
0.11099843635440267
0.834257536799417
0.04079565128266122
-1.6462384735210893
-0.04917557845769791
2.479481365014817
0.9626137476870283
4.751582520314131e-06
-7.157029703939577e-07
