_
0.2145244677980678
0.3352835018507741
0.0247971653264558
-2.693671512009138
-0.07239611161719374
3.028564161158202
1.0952755678891264
-3.4772428253366546e-08
6.300475319989225e-07
_
0.20963807205678073
0.342507080826814
0.026274643855415697
-2.6760944388288332
-0.07176773817017255
3.018176812859835
1.0910219370198575
1.1788258890385984e-07
4.528409203495874e-07
_
0.20498732022782093
0.3498592679113547
0.027648126639931114
-2.658404718010472
-0.07111618032629646
3.007804945383674
1.0868504659780824
1.644880844840473e-07
4.545020694305269e-07
_
0.20055494469858662
0.3573373910217562
0.028910372827048447
-2.6406000558317637
-0.0704517259659764
2.997445414873135
1.0827649630123186
3.133577479529398e-07
1.6286165103496583e-06
_
0.19632859540573072
0.36493906560867
0.030058036504431087
-2.622678752385869
-0.06977970778677525
2.9870956912409854
1.0787677252632486
2.2487538087150816e-07
1.4955439160952581e-06
_
0.19229499363891223
0.3726624267406854
0.03111887636855479
-2.6046394300693048
-0.06910460804284833
2.976749271409964
1.074855517162401
4.751181300650328e-08
1.5039671816674715e-06
_
0.1884416216714727
0.38050563742616145
0.03208883275425605
-2.5864799597320545
-0.06843182276271341
2.9664042910753627
1.0710300282021883
8.898159070654217e-09
1.4877049307846672e-06
_
0.18475745370705896
0.3884671496983981
0.03297626637522631
-2.5681982031527757
-0.06776365357191601
2.9560576870921293
1.0672887803949913
5.430369733063627e-09
1.4247269464321929e-06
_
0.18123272360769369
0.39654602971117414
0.03379039228328361
-2.5497922775584003
-0.06710331535181538
2.9457030577349044
1.0636320022709829
1.2771437854431742e-09
1.4634516519583465e-06
_
0.17785720637387578
0.4047409471844402
0.034533264088239875
-2.531259420882788
-0.06645230580833748
2.935340444536648
1.0600566727802767
1.386437087444818e-09
1.4721516508918647e-06
_
0.17462235585326474
0.41305135220926403
0.03521353602123256
-2.5125971803964546
-0.06581173877530455
2.9249643878121634
1.0565610725501553
3.2450744484768098e-09
1.4771964922456556e-06
_
0.17152003700525237
0.42147662517980045
0.035835152753590595
-2.4938027572825625
-0.0651827472095388
2.914572511079532
1.0531429882298768
5.756994801779037e-09
1.4748048003239502e-06
_
0.16854284698185207
0.43001653936775225
0.03640272326548759
-2.474873151282116
-0.06456619354837755
2.904160680353137
1.049800685261063
9.262582466940224e-09
1.4523772818847438e-06
_
0.16568383699947914
0.43867094983315497
0.03692138484852154
-2.4558050139255725
-0.06396272270381177
2.8937259663071906
1.046531763012655
5.279436851157691e-09
1.4340240682924254e-06
_
0.1629365353414967
0.4474399858299319
0.03739385690002776
-2.4365952621322724
-0.06337234876708606
2.883265367090398
1.0433339092798426
9.809103354214261e-09
1.4041982667690073e-06
_
0.1602952229636318
0.45632400515513233
0.037824830533543734
-2.4172399415321726
-0.06279541358715317
2.872775008067633
1.040204983103901
3.1383099683444846e-09
1.3796561950535328e-06
_
0.1577540878129891
0.46532355873652986
0.038216707461227066
-2.397735621384661
-0.062231597149725246
2.8622519460790645
1.0371426591677848
1.0217874938032238e-08
1.2978104601631639e-06
_
0.15530869858657578
0.4744393871960026
0.03857268360928214
-2.3780779565393466
-0.061681024038622904
2.851692632751638
1.0341447491190174
1.5479437171467443e-08
1.203509403885917e-06
_
0.1529547687706873
0.4836723959798281
0.03889502089026905
-2.3582628249100903
-0.06114304539176857
2.8410943111957634
1.0312085959906863
1.5907216969632487e-08
1.1625369938231931e-06
_
0.15068697351102264
0.4930239195589997
0.03918754195862848
-2.3382852126956157
-0.060617553226933255
2.8304520900864607
1.0283324326131331
2.1782941155649644e-08
1.0689616442069704e-06
_
0.14850195778391198
0.5024952345045541
0.039451678665065416
-2.318140655786662
-0.060104400284052756
2.8197637823904267
1.0255140153710092
3.0121139414658484e-08
9.51766041675546e-07
_
0.1463964431122212
0.5120879349595526
0.03968925651901433
-2.2978239515233265
-0.059602833645036594
2.809025910223663
1.0227509030457302
3.6213351582040355e-08
8.648184216629754e-07
_
0.14436649618078862
0.5218039754425797
0.039903527071796126
-2.2773291320854665
-0.05911270162654484
2.798233869480528
1.0200412943836938
3.188871233492235e-08
7.85139070019771e-07
_
0.14240890009545218
0.531645424834985
0.04009505266540906
-2.256650805296616
-0.05863376721386173
2.787384281176101
1.0173834560345107
2.9005885354227254e-08
7.116858164697064e-07
_
0.14052074989372207
0.5416146029925182
0.040266211379364744
-2.235782562476763
-0.05816557326161607
2.77647340574101
1.01477524716743
2.3884705692568572e-08
6.417343721101888e-07
_
0.13869930605432124
0.5517141200092965
0.04041775518661605
-2.2147180734364516
-0.05770763481560623
2.765497163555323
1.012214922127114
3.19528743823169e-08
5.539678186841711e-07
_
0.13694218170939443
0.5619468283903906
0.04055128097946263
-2.193450281371981
-0.0572593679580709
2.754451494126754
1.0097004698391414
4.441246827435221e-08
4.3757049995588846e-07
_
0.13524709597119436
0.5723158954109012
0.04066805838261277
-2.1719716337651342
-0.05682042317956833
2.7433319470221833
1.0072301626287579
5.865245988718487e-08
2.9879579884776675e-07
_
0.1336118069988658
0.5828247789902066
0.04076927194440908
-2.1502741886479204
-0.05639038884718932
2.732134038891642
1.0048022735136402
7.210164515683576e-08
1.3744744208088714e-07
_
0.13203434657360397
0.5934772322050141
0.04085599360563529
-2.1283494824500497
-0.05596880127359644
2.7208532494497524
1.0024150426690102
9.4446991697294e-08
-3.720016294487568e-09
_
0.1305127649317241
0.6042774047601236
0.04092984164883902
-2.10618813832129
-0.05555553006779871
2.7094844868004353
1.0000669133974074
8.260192596220142e-08
-2.492884202809763e-10
_
0.12904502190046352
0.6152297995982088
0.04099139587393795
-2.083780726179844
-0.05515028829616462
2.698022592409106
0.9977565259018131
6.540729463226003e-08
-3.358283958958704e-11
_
0.12762966287689453
0.6263392665516757
0.04104041140801283
-2.061117564220844
-0.054752294551436625
2.6864622996369705
0.9954822876002304
7.684703067650517e-08
-1.1394553251071149e-10
_
0.12626536739125555
0.6376111502388275
0.04107837586008412
-2.0381870122742236
-0.05436114965096284
2.6747976859719693
0.9932424769695981
1.0027094653894245e-07
-2.3416306354306637e-10
_
0.12495074798727872
0.6490512260246901
0.04110580924239043
-2.014977349324096
-0.05397643375602283
2.6630227100431325
0.9910356419561389
1.3869056582066078e-07
-8.363663813577885e-11
_
0.12368456902131317
0.660665789186533
0.04112337881438959
-1.991475757282413
-0.053597748725761826
2.651130913970682
0.9888603066920465
2.0757666412056247e-07
-3.790237734208013e-10
_
0.12246565169464746
0.6724617012085663
0.04113204220383047
-1.967668209904189
-0.05322485635535827
2.639115406628127
0.9867150446196784
2.896312103688514e-07
-7.913305435982766e-11
_
0.12129274122659443
0.6844464551300531
0.04113307479065696
-1.9435392924928876
-0.05285784300483805
2.626968817743731
0.9845985751954617
3.370758341555127e-07
-9.992576853401592e-11
_
0.12016469301813495
0.6966281475978783
0.0411249346405825
-1.9190747965863366
-0.05249582488430915
2.614683235367914
0.9825098516638332
4.2317984943198314e-07
-3.063379918183486e-10
_
0.11908106090775838
0.7090156905141415
0.04110895178496682
-1.894256359805928
-0.052138340361159705
2.6022501879170608
0.980447087831534
5.490334671761197e-07
-5.165976999924143e-11
_
0.11804093182015782
0.7216188780341244
0.04108722647548039
-1.8690635981412522
-0.05178572794244222
2.5896605210489114
0.9784089380492871
6.278747491221347e-07
-1.0832862473647696e-10
_
0.11704329222520522
0.7344482878464025
0.04105735593191344
-1.8434787271802147
-0.051437067572049903
2.576904303984293
0.9763946003450179
7.528814829841527e-07
-1.6546866077097863e-10
_
0.11608745264856629
0.7475158634540633
0.041022896556459285
-1.8174762803632807
-0.05109301954557214
2.563970199591656
0.9744026648351197
9.226013423407588e-07
-2.5713496884706132e-09
_
0.11517357015843474
0.7608340552809644
0.04098038005982846
-1.7910349864073096
-0.05075177256490344
2.550848236271218
0.9724313180049213
1.0531366867953102e-06
-4.190319462231653e-10
_
0.11430129458063618
0.7744175024087937
0.0409317070647946
-1.7641258099012835
-0.05041315751299574
2.537523840096766
0.9704793113195793
1.2334527613956294e-06
-5.162385316596761e-10
_
0.11346973990320909
0.7882821274691237
0.04087925572762691
-1.7367171564616921
-0.05007813356936977
2.523982785650259
0.9685457262363115
1.4579576574965026e-06
-2.9127277812196536e-09
_
0.11267936611537997
0.8024449180778886
0.04081949598161699
-1.7087798149467144
-0.049744626442512284
2.5102116141151156
0.9666285119451207
1.6555305341328606e-06
-8.194294775687022e-10
_
0.11192208338629896
0.8169292902273092
0.0407658985251332
-1.6802665596728288
-0.04942579898963084
2.4961767793278304
0.9647361688241749
3.0893127557405838e-06
-1.5929381992351217e-06
_
0.11121050203553913
0.831748196102357
0.04069841590885571
-1.6511570398357434
-0.04909889474702424
2.481898922663489
0.9628483355491565
3.51086648487907e-06
-2.3152840333205474e-07
