_
0.15432469281813488
0.45349753425109074
0.04300421116460451
-2.4235934523851803
-0.07185808924881222
2.876072839162357
1.0477450864335276
-7.3679730156245954e-09
6.321701128703734e-07
_
0.13530375670148875
0.531823668297729
0.04608386287845459
-2.256545214774199
-0.0673817525389729
2.7871648822074713
1.0236453914357029
8.397197192979117e-08
5.027389982203372e-07
_
0.12156531652779723
0.6191147246459878
0.04737665803724041
-2.076159673580504
-0.06355443238924528
2.693953598556434
1.0028755068218387
2.465154351448171e-07
2.9693829567097976e-07
_
0.11172771347872239
0.7176050470167469
0.047682524512872526
-1.8774176089935997
-0.06021954096789255
2.5936483812986113
0.9844928478106648
5.15357139515823e-07
-2.8803353413392206e-09
_
0.10513153864925354
0.8319631397562472
0.04739801907243429
-1.6510772909928164
-0.05717826943625138
2.481676074417602
0.967663907996291
1.7091030695886232e-06
-3.65226165539454e-07
