_
0.1433635525441213
0.48389858548725023
0.04661205735349239
-2.358106725732995
-0.07325182880884099
2.8407983119292837
1.0400151521450076
-7.161215195707729e-09
6.217290904379362e-07
_
0.12394643558572549
0.5830939066942785
0.0492941619555097
-2.1501343959094825
-0.06816994053044081
2.731819048497143
1.0130578925731202
1.2223123461665987e-07
4.4906420813140296e-07
_
0.11097503762886707
0.6969222441597762
0.050058466326229
-1.9189508739095513
-0.06389273264137296
2.614364984731969
0.9900195075441437
3.431334612820462e-07
1.8174267961446106e-07
_
0.102935133074256
0.8320486982987068
0.04981966506666589
-1.6510457686392448
-0.06009776046337081
2.4815877311091743
0.9694035492081515
1.708174052844398e-06
-4.5974837740413653e-07
