_
0.22149189959332888
0.32585655316917356
0.02257244195293028
-2.7169340206599624
-0.07307527421306732
3.042441997276351
1.1009971442476805
-1.8146808478708142e-07
7.408085803414398e-07
_
0.21972420029526724
0.32819164957134833
0.023145065828424103
-2.711137148771417
-0.07288582059933192
3.0389490136744874
1.099539164695088
-2.5667125980928836e-07
2.7791652502851985e-07
_
0.21798489222138293
0.33054117557132456
0.023698842861395664
-2.705327941527461
-0.07269678022695443
3.0354732329863436
1.0980893304072332
-5.991416917322347e-07
1.3475784794569428e-07
_
0.2162708964602291
0.3329052418945027
0.024238725877500738
-2.6995064454089275
-0.07250219286397015
3.0320045047780053
1.0966476902890114
-3.877091724861493e-07
8.322298176145856e-08
_
0.21458472375521817
0.3352840895370822
0.024764151863096606
-2.6936725280782654
-0.07230394234091411
3.0285376374976387
1.0952153742855584
6.218727313260166e-07
5.139490742402976e-08
_
0.21292684906408701
0.3376775145531639
0.02527548276337848
-2.687826101220793
-0.07210291156566279
3.0250737108885155
1.093791504767741
1.2597814714857603e-06
5.362713877465548e-08
_
0.21129577071130237
0.3400853823846706
0.02577250904933015
-2.6819671494481954
-0.07189779905911481
3.0216133007297574
1.0923768456289016
1.9607162650648596e-06
6.300430467679046e-09
_
0.20969198583869017
0.34250764332330663
0.026256208671058486
-2.6760956963568208
-0.07169015320184846
3.0181541314576323
1.0909708693907838
2.4419033813620644e-06
-5.928151069037934e-08
_
0.20811355441128673
0.3449443275403231
0.026726534762045357
-2.670211629606555
-0.07148031779667607
3.0146941739402977
1.089575132063109
4.02139160075549e-06
1.0790020018390043e-07
_
0.2065601154568289
0.34739520020205694
0.02718464626892538
-2.664314917653817
-0.07126884554735097
3.0112361161357097
1.0881887691194627
5.66016560476127e-06
1.7100461001087617e-07
_
0.2050331118582124
0.349859981466189
0.0276287842795121
-2.6584054623926696
-0.07105510123676925
3.0077834221943633
1.08681116394483
6.496126255719032e-06
4.5108461142015273e-07
_
0.20352760640898032
0.35233879075382274
0.0280622806521221
-2.652483466106366
-0.07083922702818637
3.0043283787949893
1.0854433164126427
6.85492818013232e-06
5.843341626732169e-07
_
0.20204723684899756
0.35483156237825153
0.028482982710997796
-2.6465484679983313
-0.07062278732717575
3.000875958327302
1.0840849391721363
7.158961807928735e-06
6.554283922013079e-07
_
0.20059061411781434
0.3573382890200816
0.02889191021242983
-2.6406005556454932
-0.07040596912478066
2.9974223231835544
1.0827382426028997
7.138470169156524e-06
3.936730005781911e-08
_
0.19915620136389264
0.35985847296516693
0.029289476826643072
-2.6346398580963353
-0.07018746096842798
2.9939735808346715
1.0813996006941442
8.6863735292629e-06
1.3938685920182148e-07
_
0.19774456434149357
0.36239251215273505
0.029676645354975117
-2.628665934512174
-0.06996883921625652
2.99052333937138
1.0800709725543356
9.996199087898943e-06
-8.762816748389932e-09
_
0.19635447265261874
0.3649400558696741
0.03005173455495659
-2.622679203618396
-0.06974996114342594
2.9870739067234737
1.0787518884487044
1.1912031418417884e-05
1.0332488447991236e-07
_
0.19498307695840758
0.36750126914191905
0.030418369680032056
-2.616679340540048
-0.06953034945098607
2.9836226228904663
1.0774422342698393
1.2250395456163976e-05
-1.7370841184832842e-10
_
0.19363505057819522
0.3700758076011049
0.030773463804926647
-2.6106660473219505
-0.06931243958419392
2.9801737725383406
1.0761432670734716
1.2247423442141312e-05
-1.0555552939219358e-08
_
0.19230705286917005
0.3726636157344118
0.031118506980777522
-2.6046395549352086
-0.06909337006713794
2.9767276219503627
1.0748532893108025
1.2571443326815615e-05
-8.647936067203133e-08
_
0.19099864297504413
0.375265018475099
0.03145429708710495
-2.5985997947134534
-0.06887553160774448
2.973276659787442
1.0735742114354887
1.3415467846941968e-05
-3.8466684941719056e-08
_
0.18971032901570817
0.3778792965258383
0.03178013667258893
-2.5925465052542513
-0.06865720811288935
2.9698318523862897
1.0723024174985467
1.4557766184747545e-05
8.437364294860747e-09
_
0.18844018964865486
0.3805071723054612
0.03209740839530962
-2.5864798916457543
-0.06843939163142207
2.9663811555268533
1.0710414578831575
1.4784341736883733e-05
-1.6412630435833537e-07
_
0.18718939844759305
0.38314799940534466
0.03240528002968722
-2.5803996238431153
-0.0682228818853648
2.962932349545216
1.0697903453978161
1.4933552407983569e-05
-1.3070617685197685e-07
_
0.1859575817042031
0.3858019439946085
0.03270412831997113
-2.5743055945127398
-0.06800690515873728
2.9594843577349237
1.0685480222312722
1.5628855905937447e-05
-1.5691918290025606e-08
_
0.1847431161235856
0.38846893726905557
0.03299492042538726
-2.568197965065598
-0.06779112332297194
2.956034767175236
1.0673155724420318
1.6432793951890124e-05
-1.8369546671832956e-09
_
0.18354636693782572
0.3911490662829291
0.033277136476112384
-2.562076467817938
-0.06757704300606342
2.9525833841282516
1.0660926671771973
1.721232768915571e-05
-5.5223771599524396e-08
_
0.18236699242850865
0.3938420856649365
0.033550930907237
-2.555941095845888
-0.06736363588907081
2.9491326662653363
1.0648787228289347
1.8493565237344076e-05
-3.2880389778875285e-08
_
0.18120457820951189
0.39654805915247626
0.0338174272451984
-2.549791652367929
-0.06715129199965882
2.945680265502135
1.0636738548539661
1.9493085344708488e-05
-1.57679531841827e-08
_
0.18005843623589146
0.3992669965780859
0.0340767210095831
-2.54362826715032
-0.0669399534454083
2.942226811045001
1.0624778999115134
2.0748614377462487e-05
-5.699021464504634e-08
_
0.17892704022480044
0.40199875158856124
0.03432847686227161
-2.537450598984968
-0.06672926011552167
2.9387722125726814
1.0612917974216927
2.047533821459888e-05
-6.994082869199699e-07
_
0.17781288446852778
0.404743360264131
0.03457259137370078
-2.53125863059321
-0.0665207772461996
2.935316268867887
1.0601145810898225
2.2095400083463586e-05
-2.0822453192702557e-07
_
0.17671146480146052
0.40750100994420596
0.03481217909140365
-2.525052355510336
-0.06631320613495775
2.9318571075485615
1.0589455164210104
2.261034986678477e-05
-3.6850905420679104e-07
_
0.17562885348113694
0.4102711297462206
0.035042635759880245
-2.5188315459505826
-0.06610791752968308
2.9284004323260038
1.057785393569664
2.2177744366458505e-05
-3.246304753956157e-07
_
0.1745602966159474
0.4130540501547038
0.03526658777287868
-2.512596108995413
-0.06590282725163717
2.9249404376807857
1.0566350268455398
2.3421361088064934e-05
-2.4310545245901385e-07
_
0.1735042014858524
0.41585014224509537
0.03548603239615391
-2.5063459547104596
-0.06569973069849525
2.9214756163378413
1.0554926470192059
2.3248324774498278e-05
-3.7620754869595774e-07
_
0.17246554676126588
0.41865874216275295
0.03569640538336995
-2.5000810763138177
-0.06549922720370432
2.9180114268075017
1.0543605109199448
2.242104277433217e-05
-5.072741031270523e-07
_
0.17143976557856744
0.42148004224055424
0.03590276928890364
-2.4938013089625923
-0.06529840974016618
2.9145462425290143
1.0532345517994828
2.2041875242513317e-05
-8.890720558908295e-08
_
0.17042572855560392
0.42431401912684763
0.036103405178645964
-2.4875064630363357
-0.0650987505033595
2.9110773255257434
1.05211740761371
2.2964295893051403e-05
4.01530429219561e-07
_
0.1694272039385113
0.42716078879840524
0.03629763864268601
-2.48119660068207
-0.06490127455994081
2.9076072861438433
1.0510102644781139
2.3674609421215065e-05
-1.5610032171077446e-07
_
0.1684425528328526
0.4300200826816301
0.036485773838386595
-2.4748714753994348
-0.06470504459217834
2.9041364654778654
1.0499084989085037
2.4037647474624724e-05
-2.3213075881861285e-07
_
0.16747024549516829
0.4328924249555862
0.03666905229195801
-2.4685308149741103
-0.06450982518638977
2.900659590627053
1.048816944441727
2.4495009645619717e-05
-2.661180604503023e-07
_
0.16651174471050426
0.4357773892315141
0.036846257558061334
-2.4621746208642428
-0.0643168863934648
2.8971810902092594
1.0477328203116076
2.4500709182986485e-05
-1.8477872720342005e-07
_
0.16556463525615803
0.43867499143068245
0.03701853929867633
-2.4558030089932075
-0.06412369410628334
2.8937012354273115
1.0466558684763045
2.516944997709536e-05
-1.9546375741723303e-07
_
0.16463165611271494
0.4415851961231259
0.037186230951663915
-2.449415534718577
-0.06393125808317884
2.8902205527061
1.0455855220085357
2.5365018838898346e-05
-2.758536423875385e-07
_
0.16371071339632806
0.44450846453141135
0.037347031534883036
-2.4430122948107726
-0.06374152492468116
2.88673104881944
1.0445257481999346
2.6665836947659292e-05
-1.7786110193702573e-07
_
0.1627996290978685
0.44744446608412214
0.03750616024346941
-2.436593078071854
-0.06355293357592699
2.883239740300088
1.0434725059259824
2.758312138763757e-05
-3.0355261614500034e-07
_
0.16190145846138002
0.4503931725935658
0.03765899982319916
-2.4301574465313
-0.06336688409068533
2.879746489958491
1.0424275538918173
2.82355070455144e-05
-4.614750798712805e-07
_
0.1610147267158356
0.45335472125353177
0.03780825827500398
-2.4237058052552345
-0.06318232120303253
2.876248969081367
1.0413901822343914
2.8827619024859926e-05
-4.617968542041898e-07
_
0.16014084398661524
0.45632888367727914
0.037951090746539344
-2.4172374343224785
-0.06299916067264998
2.8727503290630043
1.040359499421138
2.9159038722938027e-05
-3.1992445559043674e-07
_
0.15927539739214813
0.459316107623584
0.03809247714625398
-2.4107528031114507
-0.062816193391817
2.869245215879413
1.0393364075620695
2.941890826770131e-05
-5.547242960542133e-07
_
0.1584244475519488
0.4623162929309517
0.038226699247710584
-2.404251115307189
-0.06263749498770922
2.865736162399285
1.0383226617976449
2.845612184628456e-05
-7.670075436988028e-07
_
0.15757985416258807
0.46532900159516943
0.03835991299031314
-2.3977327852193038
-0.06245733988968637
2.862225866016125
1.0373130916259452
2.9043978396458675e-05
-5.394873587165806e-07
_
0.15674853295726288
0.46835507844154345
0.038487567576948094
-2.391197333700528
-0.062281471939936335
2.858707087229738
1.0363140548758591
2.902379162917697e-05
-5.698354034224758e-07
_
0.15592688985206066
0.471393538441891
0.038611451680047953
-2.384644935628895
-0.06210468634789171
2.8551907070525857
1.035318494272676
2.8777543613975624e-05
-4.83839903009428e-07
_
0.15511804093457687
0.4744454823570551
0.038730206840090174
-2.3780748930520317
-0.061930647219410814
2.8516648338514505
1.0343320237034725
2.7529480607612366e-05
-4.3259889956324745e-07
_
0.1543172217597629
0.4775100732338772
0.03884713880144484
-2.371487460168424
-0.06175622204307463
2.848138002313036
1.0333505586692877
2.567019372430425e-05
-8.391465998586265e-07
_
0.15352432909348024
0.4805881904737262
0.038961525956282536
-2.3648823210438805
-0.06158385967410272
2.844602283981304
1.0323774273621318
2.5242424770682468e-05
-8.158893470323401e-07
_
0.15274384242737427
0.48367918725612796
0.039070811003730756
-2.358259277059794
-0.06141485597233506
2.8410642038638434
1.0314119541126228
2.3770541928090058e-05
-9.009447569080263e-07
_
0.15197095191859522
0.4867830452245932
0.03917723457795405
-2.3516183683339524
-0.061244849845484874
2.837523929802015
1.0304514043627417
2.4340929464204513e-05
-5.055688407690226e-07
_
0.15120872603890695
0.4899006847373295
0.03928155996228839
-2.344958941828359
-0.061078764073247915
2.833973544694866
1.0294998373071507
2.4749812489777284e-05
-5.752749998891597e-07
_
0.15045406857354593
0.4930313258326058
0.03938240239387207
-2.33828137930688
-0.06091380864008126
2.8304208647287186
1.0285536306279075
2.4919881943011013e-05
-7.340209510999963e-07
_
0.14971028433761907
0.49617521183239355
0.039479503048563167
-2.33158520397613
-0.06075028362508579
2.826863914976197
1.0276134851290568
2.537080122597129e-05
-5.867811085982322e-07
_
0.14897484283261805
0.49933235616910027
0.03957354609621947
-2.324870427482032
-0.060586803002434325
2.8233019310940026
1.026679603798028
2.5741864514054473e-05
-4.711344750380845e-07
_
0.14824875135610877
0.5025028970889045
0.0396654359963662
-2.318136499036702
-0.060424483470799456
2.819735393733208
1.0257510647805737
2.6155021836519856e-05
-6.35462839153782e-07
_
0.14753004309629017
0.5056871979245678
0.03975472648812182
-2.3113835003560737
-0.060263479636050575
2.816160949713408
1.024828529207287
2.710099725612439e-05
-4.198919143664299e-07
_
0.14682326930149037
0.5088845918147569
0.03983830741225067
-2.304611204067209
-0.060103306721030855
2.8125844929270336
1.023911946496172
2.7357218941011844e-05
-3.997066079762819e-07
_
0.1461245076599282
0.5120961949760837
0.039919949707249
-2.297819357528233
-0.0599447848727619
2.808996463445338
1.0230027740408179
2.7997922480580204e-05
-4.1951194788712926e-07
_
0.14543320115214314
0.5153210842848042
0.03999997588941684
-2.291007742213823
-0.05978619095027608
2.8054075042048137
1.0220966862260965
2.7668496723539488e-05
-5.083410322018582e-07
_
0.1447499566297392
0.5185601233497856
0.04007849876992083
-2.28417596602423
-0.059630047389368536
2.8018086611440336
1.0211983744401236
2.749111477871388e-05
-7.294833342286927e-07
_
0.14407590333107895
0.5218127157008691
0.04015139223619503
-2.2773243834526724
-0.059475226934645076
2.798205514503979
1.0203060259368872
2.65346534812336e-05
-8.335841220648691e-07
_
0.1434096437325134
0.5250793267724714
0.04022385424856534
-2.2704523096924305
-0.05932075622620654
2.7945957378358774
1.0194188384910805
2.6731424837678734e-05
-6.423316398461287e-07
_
0.14275054086162506
0.528359951799116
0.040294280342041
-2.2635594118195854
-0.0591681317254066
2.790978769437848
1.0185377528924444
2.696777992536775e-05
-6.713344233034201e-07
_
0.14210069237595274
0.5316548294699477
0.04036001302925727
-2.256645859146727
-0.05901744804666528
2.78735450224209
1.017662596255409
2.634701748639614e-05
-6.770774362867306e-07
_
0.14145804901946046
0.5349639222341936
0.040424928054004966
-2.249711120576098
-0.05886755903800197
2.783722985859639
1.0167930243299634
2.5686254288885285e-05
-6.12756186216336e-07
_
0.1408213116890454
0.5382870078130814
0.040488740227660115
-2.242755123422905
-0.05871786028215004
2.7800870921994663
1.0159275784445743
2.4975621065977432e-05
-7.536255316203158e-07
_
0.1401938452443054
0.5416246855080452
0.040548990090805176
-2.235777500382408
-0.058570628307035626
2.7764423729168097
1.015068684264393
2.3457101015772057e-05
-9.061331825675234e-07
_
0.13957297003689725
0.5449767153013224
0.0406078832194431
-2.2287779250700845
-0.058423784018240395
2.772791371765325
1.0142138304623667
2.3318446937527975e-05
-4.597698747555021e-07
_
0.13895993628600356
0.5483434998854352
0.04066418232580718
-2.221756539384596
-0.05827844166062977
2.769131357587283
1.0133661481872438
2.2468466488778696e-05
-6.107121771748261e-07
_
0.13835380853322274
0.5517250065013569
0.04071880196884853
-2.214712603132225
-0.0581348494538633
2.7654639137716184
1.0125231508686938
2.18660921483495e-05
-7.335906481767721e-07
_
0.137754997642983
0.55512099690043
0.04077191139560084
-2.207646133469257
-0.05799139430827051
2.761791868275022
1.0116840168391315
1.9847389516106267e-05
-1.0235734503081058e-06
_
0.13716234623580445
0.5585321919770215
0.04082310266488786
-2.20055684367741
-0.057849515244404875
2.758108511801405
1.010851256243028
1.958379310377609e-05
-9.637166461640148e-07
_
0.13657650180947628
0.5619582760210337
0.040873968658769536
-2.193444314518866
-0.057708780623697144
2.7544189579373604
1.0100222499311355
1.9143685598047653e-05
-7.978783413661215e-07
_
0.13599921395316406
0.565399285576741
0.040919525049131246
-2.1863085946265364
-0.057568622177927506
2.750722654653735
1.0091985830532202
1.842110064227702e-05
-8.027493305401545e-07
_
0.1354287960569153
0.5688558441227609
0.04096426392438843
-2.1791488635812026
-0.0574291750897458
2.747016364244799
1.008379959291498
1.6486222966338092e-05
-1.5129549146677268e-06
_
0.1348633375857264
0.5723279679795424
0.04100874205344256
-2.171965073912798
-0.0572918430323773
2.7432988173933697
1.0075666328008246
1.6847956862168194e-05
-1.1345467272602675e-06
_
0.1343048524175119
0.5758152128944493
0.04105162371309256
-2.164757364955347
-0.057154759117987744
2.739576753683297
1.006757088929672
1.734225712137019e-05
-1.0622828406456799e-06
_
0.1337538492285864
0.5793184368406863
0.041090559337181184
-2.157524880468235
-0.05701941794975424
2.7358431862821146
1.0059531581258143
1.8003982531497325e-05
-8.162189945250008e-07
_
0.1332090238963138
0.5828373695733946
0.0411293352362363
-2.150267429714795
-0.0568844203925057
2.732101364551839
1.0051530874687797
1.8987131724371106e-05
-7.312029090785392e-07
_
0.13267081638391914
0.58637226090109
0.04116693333950208
-2.1429848286672972
-0.056750403031239384
2.7283506329011735
1.0043572384845572
1.8786939360548042e-05
-9.264961630177205e-07
_
0.13213786133731953
0.5899236860979141
0.04120372533316866
-2.13567606098324
-0.05661913527789435
2.724587185728733
1.0035675642470696
1.832160748904999e-05
-1.062517992609975e-06
_
0.13161050757781576
0.5934911001258182
0.04123846941821032
-2.1283419841242366
-0.05648933166103603
2.720815356348934
1.0027832599787891
1.8473946702117982e-05
-1.1210754510602166e-06
_
0.13108878154439416
0.5970747566549297
0.041272890549725744
-2.1209815178735094
-0.05636003239990532
2.717036597419949
1.0020028463330823
1.906535202739661e-05
-1.4763348417251968e-06
_
0.1305746786028171
0.6006748305679821
0.04130436652397007
-2.1135947761777896
-0.0562312800159131
2.7132478806640608
1.0012249620902993
1.9933345019283343e-05
-9.654971291365294e-07
_
0.1300651764673204
0.6042919841475202
0.041336616842844
-2.106180471606537
-0.056103367285435995
2.709447176213413
1.0004523865791373
2.0851191121718092e-05
-1.125182021234444e-06
_
0.12956596850295088
0.6079252544585307
0.04136455283588376
-2.098739286131052
-0.0559747475730626
2.7056424191471327
0.9996810696911912
2.1029331316411777e-05
-4.898157442108771e-07
_
0.12906961916701784
0.6115762827133748
0.04139102111995932
-2.0912704019226047
-0.055846140129090026
2.7018202988750204
0.9989150521943839
2.2358585618224034e-05
-3.7681416252435803e-07
_
0.12858213997814866
0.6152443068625296
0.041416291840437124
-2.0837734959434666
-0.05571819277991257
2.697990789581182
0.9981522125793277
2.274280157769986e-05
-4.5122453689785305e-07
_
0.12809823394851796
0.6189302544039191
0.04143978125197876
-2.0762477377393624
-0.05559212739955993
2.6941460394658403
0.9973953696678183
2.3688696736865286e-05
-7.354814223182701e-07
_
0.12761945815042472
0.6226336372655479
0.04146485962161179
-2.068693160895834
-0.05546713787240221
2.69029223941454
0.9966412771152126
2.3924429070321177e-05
-1.1365364636895266e-06
_
0.1271464216739573
0.6263550442826783
0.041487541580840816
-2.06110936673683
-0.055344581395570205
2.686425751881632
0.9958932860393392
2.4564220570710833e-05
-1.3335471876309724e-06
_
0.12667866674880637
0.6300943396135251
0.04150958852799318
-2.0534959278257285
-0.05522270829660616
2.6825489590223146
0.99514813118597
2.4777491977508584e-05
-1.434790681048389e-06
_
0.12621792649623118
0.6338514624663941
0.041528691398273414
-2.0458526973129434
-0.055100165417005055
2.6786628628914055
0.9944057017895381
2.5195849735527918e-05
-1.0181087654359632e-06
_
0.12576295122955258
0.6376274517660213
0.041547059866030626
-2.0381786273244376
-0.054978401063845085
2.6747619627285975
0.993667617531549
2.5623460845435867e-05
-9.447878461316766e-07
_
0.12531281764531713
0.6414225107116711
0.04156491114893896
-2.0304732332667976
-0.05485865017060569
2.670846273660067
0.9929346914464717
2.5828447670674884e-05
-1.1711126483725884e-06
_
0.12486806168331852
0.6452358845141489
0.0415815563302896
-2.0227368163438975
-0.05473888132032789
2.666922110657735
0.9922036506088967
2.649977561165012e-05
-9.276771290420547e-07
_
0.12442841146152431
0.6490684803875207
0.041598400888120786
-2.014967908410929
-0.054619517104297355
2.662985467885493
0.9914759217800804
2.8085617080996927e-05
-8.091438836574793e-07
_
0.12399479976930898
0.6529205819089471
0.04161222239576843
-2.0071671300553007
-0.05450114219791285
2.6590343412034647
0.9907518304045078
2.87971095810031e-05
-7.661569491411561e-07
_
0.12356591312651649
0.65679234158921
0.04162682046648997
-1.9993328489364124
-0.05438352855366626
2.6550701798369665
0.9900316091705287
2.962989946884305e-05
-1.2837915112503094e-06
_
0.12314272786819398
0.6606837646415009
0.04163927681521521
-1.991465688989937
-0.05426643507227797
2.6510937963404544
0.9893145124322228
3.028771898958585e-05
-1.2238630864297474e-06
_
0.12272381998174282
0.6645957362745871
0.04165177566324393
-1.983564211422135
-0.054150771964798124
2.6471006811894
0.9886016502642575
3.1657300765975404e-05
-1.249123368887125e-06
_
0.12231161439522242
0.6685276213112169
0.04166160586845956
-1.975628736974378
-0.05403504103190674
2.6430969868659897
0.9878910669764879
3.2328705186596494e-05
-1.0622532711799562e-06
_
0.12190423648355042
0.6724807651952266
0.041671546944477805
-1.9676575796612528
-0.0539204455460102
2.6390761515410683
0.987183883986129
3.1822044859460006e-05
-1.5344365560079597e-06
_
0.12150228591092932
0.6764546383547624
0.04168045416435081
-1.9596510497340256
-0.053806205656645366
2.6350420402039183
0.9864796556983765
3.072517633401064e-05
-1.6682653780353079e-06
_
0.12110594203605693
0.6804493271101105
0.04168825814043921
-1.9516086520578244
-0.053690764910772605
2.630995258910884
0.9857778980660878
3.106113934812895e-05
-7.357819718729608e-07
_
0.12071323630339835
0.6844662425105444
0.041694581156019074
-1.9435289382968466
-0.05357751936731608
2.6269289431629677
0.9850800719380817
3.132379133432279e-05
-9.099354249167022e-07
_
0.1203257821061404
0.6885050136704806
0.04170144253423054
-1.9354118587768934
-0.053465872461879504
2.622847752821331
0.9843860767156951
3.14862840076002e-05
-1.2815891022761317e-06
_
0.11994398961621687
0.6925652054688074
0.04170651622877142
-1.9272571910180123
-0.05335286118055292
2.6187565814857505
0.9836929506520794
3.076680998323897e-05
-1.5551979034354531e-06
_
0.11956659894987216
0.6966489281574264
0.041711209950829636
-1.919063387231553
-0.053241972650408156
2.6146422627075143
0.9830052562902892
3.16067086657718e-05
-1.493248110674769e-06
_
0.11919382155483926
0.7007550117382157
0.04171542181214206
-1.9108305134930565
-0.05313162902446051
2.6105147786500646
0.9823195216863349
3.2291179179031116e-05
-1.5339581493546514e-06
_
0.11882612931040798
0.7048841671815711
0.04171869907381517
-1.9025577682267596
-0.053021220540922266
2.606371469354553
0.9816358765749544
3.301333171381398e-05
-1.4816207747165682e-06
_
0.11846370664150652
0.7090372000694019
0.041720919200983975
-1.8942443152749808
-0.052911702564401274
2.602208956193042
0.9809558640098696
3.386803558658406e-05
-1.2340388612592332e-06
_
0.11810537680582942
0.7132144259887657
0.04172250782832412
-1.8858890213829875
-0.05280405004360501
2.5980276498232393
0.9802802816056015
3.5180779545954655e-05
-1.3897160211766993e-06
_
0.11775141845421423
0.7174157091712957
0.04172426327226132
-1.8774918423334475
-0.05269675928272766
2.59383085465636
0.9796062491463471
3.7007699841970616e-05
-1.3794347978726224e-06
_
0.11740275303469055
0.721641272989366
0.04172468877140557
-1.869051977092782
-0.052588515665025724
2.5896186286797294
0.9789329658378275
3.821140251973034e-05
-1.266526025852438e-06
_
0.11705985616986606
0.7258925349822102
0.0417246117971847
-1.8605679169030858
-0.05248146643210344
2.5853837839793448
0.978263539361854
3.876319839622728e-05
-1.206063693367946e-06
_
0.11672132981599391
0.7301687675926778
0.041722811042517495
-1.8520399993842154
-0.052373449871182205
2.5811344175662563
0.9775961617103472
3.972924054773618e-05
-1.0507755756207144e-06
_
0.11638780174518719
0.7344714448465287
0.041720232022262424
-1.843466392903934
-0.05226667632445683
2.5768618313227876
0.9769315974797212
4.091756231628062e-05
-1.0234746147222398e-06
_
0.11605905141712727
0.738800398600012
0.04171724271086355
-1.8348464550223913
-0.052159997875811256
2.572571331130563
0.9762688279843363
4.168119661815979e-05
-1.1799172851467705e-06
_
0.1157351089490166
0.7431565249587802
0.04171349040363177
-1.8261795681504378
-0.05205410163143493
2.5682587012119766
0.9756094535140735
4.399112527967584e-05
-7.047750524804052e-07
_
0.1154156266059237
0.7475396890453293
0.04170922329216386
-1.8174645801016842
-0.051948335378656736
2.563927841969315
0.9749511665906194
4.485371884715329e-05
-1.0291390418169443e-06
_
0.11510105970151333
0.7519508536788941
0.04170386625374586
-1.8087006798390952
-0.05184287453599616
2.559574984373368
0.9742959118208748
4.6795149838324096e-05
-9.124341196274935e-07
_
0.11479122793946778
0.7563903721383677
0.0416980520577761
-1.7998868709926137
-0.05173770548913482
2.555200750577246
0.9736423607681818
4.873531400678197e-05
-7.828332581434967e-07
_
0.1144860491704307
0.7608587718075723
0.041691936642862526
-1.7910221100138197
-0.05163276553428379
2.5508049827704236
0.9729905882729003
5.003453757531297e-05
-8.851221943270543e-07
_
0.11418557836014853
0.7653567773522648
0.041684628020818085
-1.7821054463767438
-0.05152848656731091
2.5463855505753217
0.9723415003759299
5.136328778917565e-05
-8.584507085581628e-07
_
0.11388975160261175
0.7698847288290148
0.04167659300910655
-1.7731357585515395
-0.05142455390852594
2.541943643731314
0.971695017949604
5.332136501955144e-05
-7.642802976774939e-07
_
0.11359830557659745
0.7744432350131351
0.04166875221687642
-1.7641118288160893
-0.05132099846741333
2.53747881602757
0.9710496325973851
5.4384042455991515e-05
-9.497843761241931e-07
_
0.11331132186818291
0.779032717008243
0.0416604255128
-1.7550325559933333
-0.05121719043360387
2.5329914992895555
0.9704058123470295
5.589485808788612e-05
-1.0102811458443123e-06
_
0.11302933087389476
0.7836545156789773
0.04165090159559084
-1.745896822222418
-0.0511147742250618
2.5284764458895785
0.9697650781502899
5.663633941316124e-05
-1.185499245595049e-06
_
0.11275158293172459
0.7883085199126335
0.04164123950454618
-1.7367035645101614
-0.05101223703884924
2.523938201182531
0.9691259435217829
5.7835608047438386e-05
-1.2124284295476395e-06
_
0.11247905186189833
0.792995644803244
0.04163002468732281
-1.7274516883820306
-0.050909589977143975
2.5193738076501666
0.968488739345926
5.9933026850898245e-05
-8.069270253674658e-07
_
0.1122110170560591
0.7977167595949595
0.041619057307801105
-1.7181391250162918
-0.05080728742627461
2.5147825551933165
0.9678522047418382
6.06191509986224e-05
-8.003747235033826e-07
_
0.11194766842603202
0.802472196979427
0.041607179986776585
-1.708765013600705
-0.05070468824158214
2.510165899108698
0.9672175804867399
6.12875390541997e-05
-8.32013145241199e-07
_
0.1116892953668053
0.8072630020654887
0.04159395980299024
-1.6993279544182356
-0.05060214605950276
2.5055212030594913
0.9665850197595148
6.231942205277164e-05
-8.385391518474834e-07
_
0.11143487582397897
0.8120901501318083
0.04158135677029945
-1.6898258968981317
-0.050500405791893015
2.5008474461869725
0.9659536561357329
6.303669190123826e-05
-1.0682597091841268e-06
_
0.11118544133659022
0.8169542165657356
0.04156765312105
-1.680258169709922
-0.050399128664391744
2.4961445230668353
0.9653245594421537
6.375363928655853e-05
-1.3052201744894272e-06
_
0.11094040258955945
0.8218560837246539
0.041553639381880336
-1.6706228842069242
-0.050298166908861915
2.4914109370207544
0.9646968018984872
6.44696401857845e-05
-1.2334272358609822e-06
_
0.11069977565249421
0.8267964673319189
0.04153965499965456
-1.660918205740327
-0.05019731652833407
2.486648211928753
0.9640702327228312
6.516941651056738e-05
-1.1375581334034824e-06
_
0.11046402537023924
0.8317761355401211
0.04152467429172899
-1.6511426844793835
-0.050096056732844514
2.481855584923053
0.9634446446121453
6.565616854315682e-05
-1.26116216912631e-06
