_
0.21117194762100922
0.3400857840055695
0.02585742690684716
-2.6819649790225593
-0.0720960929725337
3.0216351128851455
1.0925143444809513
-3.5213954305994165e-08
2.5520457284969277e-06
_
0.20490581601778168
0.3498604830106177
0.027695030309397774
-2.6584027966901096
-0.07124816359948344
3.00780356200043
1.0869486429577033
1.1650107677365618e-07
2.3743171838282153e-06
_
0.19903355709014522
0.3598590418239101
0.02935602794479735
-2.634637254730697
-0.0703693993149221
2.9939933536444525
1.0815284396879765
2.76496093745046e-07
2.187399754262639e-06
_
0.1935203000696996
0.3700762097852465
0.03084100250577809
-2.6106638207451134
-0.06947895647087082
2.9801949363490494
1.0762612387027635
3.1374530717703246e-07
2.1384842357855308e-06
_
0.18833536359165484
0.3805074430321351
0.032164692262912756
-2.586477945726001
-0.06858876572277722
2.9664014457813552
1.071145810918478
9.926576664492055e-10
2.4788735612459663e-06
_
0.1834515641256221
0.3911491919906436
0.033338324176987906
-2.5620747303737774
-0.06770636225455305
2.9526032870801084
1.0661819020695626
-1.3627158553933861e-08
2.7673560434966407e-06
_
0.17884564310980752
0.40199867269658535
0.034378019162987175
-2.5374492961397217
-0.06683631779643948
2.9387926557953907
1.0613640516716671
1.972818502115018e-07
2.8111582775032985e-06
_
0.1744966660792123
0.4130536760008546
0.035309862779577296
-2.512595173980651
-0.06598396069930876
2.9249610554534042
1.0566879734740766
-1.5420505444107263e-08
3.075487857553335e-06
_
0.17038329342135822
0.4243130818274927
0.036122617042281174
-2.4875057720809868
-0.0651518873802915
2.9111004965008993
1.0521511690340957
1.0351318160984014e-06
3.0409969945431477e-06
_
0.16648992470436688
0.43577608651749894
0.03686185482880381
-2.4621747580167734
-0.0643407042916087
2.8972027213724534
1.0477448453096858
1.500519525007231e-06
3.6671708786515206e-06
_
0.16279720253691102
0.44744289927466246
0.03749815562880123
-2.4365928466143405
-0.06355484133899945
2.883260202612376
1.0434687746981595
1.5220312517900725e-06
3.428608587492276e-06
_
0.15929465306930093
0.45931399441726845
0.0380726347731435
-2.4107531206224664
-0.06279009260072277
2.8692663796024704
1.0393119230681822
1.584853906147662e-06
3.551622348246493e-06
_
0.15596817862412174
0.4713910359437036
0.03857245310218074
-2.384645533503494
-0.062050020650821464
2.855210900073676
1.0352741308376827
1.6691212490660223e-06
3.5020156538968186e-06
_
0.15280582773991336
0.4836757470994357
0.039015327347733
-2.3582605632463167
-0.06133134262814337
2.8410887283981463
1.0313459976538553
1.6485186139230961e-06
3.4374021768244864e-06
_
0.14979866406437034
0.4961712034154621
0.039401473055183024
-2.3315869307512127
-0.06063595955797418
2.826888303936382
1.0275255748886383
1.5686263734206765e-06
3.3850797236216225e-06
_
0.14693610343804608
0.5088803886261548
0.03973967006622446
-2.3046133522871846
-0.05996085173138193
2.8126051944330968
1.023804971350894
1.5148872632908033e-06
3.3288704186179864e-06
_
0.14421055767425775
0.5218078484074808
0.04003425310491128
-2.2773267834009228
-0.05930689208348079
2.7982269990413347
1.0201814589956422
1.4144403380407094e-06
3.3094126981805973e-06
_
0.14161363867360072
0.5349581977823499
0.0402889746642188
-2.249713685646419
-0.058672775611472536
2.783747206176591
1.0166495696046323
1.3021183735402883e-06
3.297143233314853e-06
_
0.13913856109432132
0.5483371670530064
0.04050707457875175
-2.2217595440134743
-0.05805727941615097
2.769155982357478
1.0132048848430164
1.2437775741604755e-06
3.2380113741204093e-06
_
0.13677953807503412
0.5619510897462273
0.040692513308570454
-2.193447955767265
-0.057459062006423416
2.754444615161739
1.0098423006774224
1.2245616064231988e-06
3.1346893060696958e-06
_
0.13453108501191433
0.5758075610009146
0.04084794087262579
-2.1647615311165898
-0.05687757785964684
2.7396010673530125
1.0065585193423616
1.230371823176257e-06
2.99510313675515e-06
_
0.1323878474189536
0.5899147414440249
0.040976300469594155
-2.135681204248431
-0.05631153953761037
2.724615948637381
1.0033488543730755
1.2771214454744505e-06
2.816673775537466e-06
_
0.1303452397737181
0.6042820975694676
0.041080623303311976
-2.106185852819409
-0.05576046956003279
2.709477063576427
1.0002097894115627
1.333737266886167e-06
2.6312757683433277e-06
_
0.12839878000297597
0.6189199850285464
0.0411626770539496
-2.076253111261272
-0.055223113937226606
2.694173443347996
0.9971371534291398
1.4005040124772782e-06
2.4418052495734116e-06
_
0.12654488728340943
0.6338403181979562
0.041223503955100896
-2.045858667047252
-0.05469855710051729
2.678690822157636
0.994127856921511
1.5011705212891847e-06
2.2193516494160792e-06
_
0.12478017898455791
0.6490562310655135
0.04126525392949089
-2.014975074612016
-0.05418586613730433
2.6630153779770085
0.9911781753387784
1.6488287103020866e-06
1.9475180969982266e-06
_
0.12310158936950054
0.6645823559055176
0.04128954976487021
-1.9835723725984407
-0.053683925859239166
2.6471325924091786
0.98828432860377
1.8614849231000352e-06
1.612661919453638e-06
_
0.12150645796003423
0.6804352928947112
0.04129935873616663
-1.9516162414294287
-0.05319264562081864
2.6310253871205496
0.9854431528461721
2.030770550458007e-06
1.31984962648563e-06
_
0.11999188074607146
0.696633460491091
0.04129315555548314
-1.9190724881630827
-0.05271051733854365
2.6146759228134737
0.9826518110899298
2.2631805265839865e-06
9.684460734939365e-07
_
0.11855625961981354
0.7131977466096717
0.04127465904260978
-1.8858980138462662
-0.05223726629917998
2.59806408672251
0.979906649964839
2.461171336484164e-06
6.555770383891694e-07
_
0.11719737660362126
0.7301515035953957
0.04124223759266602
-1.8520497427402594
-0.05177150161470054
2.5811680776194335
0.9772049122780468
2.7220462849572884e-06
2.841660144743898e-07
_
0.11591418827745299
0.7475213676174205
0.04119923890696466
-1.817474187913651
-0.051312897311991415
2.563963212527746
0.9745430276549748
2.952575622479552e-06
-6.391621071833678e-09
_
0.1147051798095214
0.7653373693197832
0.04114393877558544
-1.7821162118616067
-0.050860172738935824
2.546422205817647
0.9719182601486436
3.2271084965655837e-06
-1.792348367568764e-09
_
0.11356987385930782
0.7836340024688542
0.04107941680219341
-1.745907936293652
-0.05041265881516832
2.528514356468016
0.9693268012225082
3.486270352636375e-06
-1.7578232635333457e-09
_
0.1125075349102916
0.8024508029779347
0.0410037271382228
-1.708777302365719
-0.04996938067275444
2.510203731707465
0.9667661773688994
3.810557604076672e-06
-1.9068588164624098e-09
_
0.11151024734495298
0.8218364790244647
0.040930155592347
-1.6706295119697305
-0.04954148422098236
2.4914380976783854
0.9642412779502101
5.4601250881152354e-06
-1.6542174618553352e-06
