_
0.12348721152680328
0.5487755749113373
0.053905978626129586
-2.2215119155381666
-0.07722835864705647
2.7686283243683714
1.0268374850090378
-7.971800951249908e-09
6.307489445538277e-07
_
0.10525302097580413
0.6971345472360162
0.05562294937591846
-1.918862183335512
-0.07098893106899581
2.614135156251145
0.9946940459197153
2.1938064084585188e-07
3.531312961822474e-07
_
0.09641601840825603
0.8844630872472234
0.055251856006998334
-1.54888483244366
-0.06559307906689366
2.431516754837545
0.96662898238067
1.7922859575587031e-06
-9.726172038448519e-07
