_
0.13917949513315567
0.49643054944940845
0.04805707572087172
-2.3314154390047097
-0.07392911929584851
2.826556957636725
1.0371559994270085
-6.824935044813192e-09
6.340796605131184e-07
_
0.1197925565893621
0.6045883078093606
0.0505613012404828
-2.1060339209057317
-0.06861546135729511
2.7091269693189477
1.009127910312403
1.0489759306622266e-07
4.803465483220577e-07
_
0.10734493762458429
0.7304815967462124
0.05110603132243901
-1.8519183977311966
-0.06414843125751074
2.5808185312772687
0.9851819188751001
4.1934575312833556e-07
1.158805804137517e-07
_
0.10038351891968675
0.8842876517194801
0.050633964234952984
-1.548945588608413
-0.06011334075561003
2.431693238117124
0.9635161978008816
1.8510100161378066e-06
-9.151860126607271e-07
